id	course	module	instance	section	idnumber	added	score	indent	visible	visibleoncoursepage	visibleold	groupmode	groupingid	completion	completiongradeitemnumber	completionview	completionexpected	showdescription	availability	deletioninprogress
1	2	9	1	1	NULL	1641298023	0	0	1	1	1	0	0	0	NULL	0	0	0	NULL	0
2	2	24	1	2		1641302784	0	0	1	1	1	0	0	1	NULL	0	0	0	NULL	0
15	15	9	14	67	NULL	1641370941	0	0	1	1	1	0	0	0	NULL	0	0	0	NULL	0
16	16	9	15	72	NULL	1641371024	0	0	1	1	1	0	0	0	NULL	0	0	0	NULL	0
17	17	9	16	77	NULL	1641371069	0	0	1	1	1	0	0	0	NULL	0	0	0	NULL	0
18	18	9	17	82	NULL	1641371112	0	0	1	1	1	0	0	0	NULL	0	0	0	NULL	0
19	19	9	18	87	NULL	1641371209	0	0	1	1	1	0	0	0	NULL	0	0	0	NULL	0
20	20	9	19	92	NULL	1641371281	0	0	1	1	1	0	0	0	NULL	0	0	0	NULL	0
21	21	9	20	97	NULL	1641371339	0	0	1	1	1	0	0	0	NULL	0	0	0	NULL	0
22	22	9	21	102	NULL	1641371394	0	0	1	1	1	0	0	0	NULL	0	0	0	NULL	0
23	23	9	22	107	NULL	1641371443	0	0	1	1	1	0	0	0	NULL	0	0	0	NULL	0
24	24	9	23	112	NULL	1641371491	0	0	1	1	1	0	0	0	NULL	0	0	0	NULL	0
25	25	9	24	117	NULL	1641371539	0	0	1	1	1	0	0	0	NULL	0	0	0	NULL	0
26	26	9	25	122	NULL	1641371609	0	0	1	1	1	0	0	0	NULL	0	0	0	NULL	0
27	27	9	26	127	NULL	1641371695	0	0	1	1	1	0	0	0	NULL	0	0	0	NULL	0
28	28	9	27	132	NULL	1641371765	0	0	1	1	1	0	0	0	NULL	0	0	0	NULL	0
29	16	24	2	74		1641372906	0	0	1	1	1	0	0	1	NULL	0	0	0	NULL	0
30	16	11	1	74		1641373947	0	0	1	1	1	0	0	1	NULL	0	0	0	NULL	0
31	16	11	2	74		1641374045	0	0	1	1	1	0	0	1	NULL	0	0	0	NULL	0
32	16	11	3	74		1641374092	0	0	1	1	1	0	0	1	NULL	0	0	0	NULL	0
33	16	24	3	74		1641382451	0	0	1	1	1	0	0	1	NULL	0	0	0	NULL	0
34	29	9	28	137	NULL	1641463306	0	0	1	1	1	0	0	0	NULL	0	0	0	NULL	0
35	29	11	4	138		1641463442	0	0	1	1	1	0	0	1	NULL	0	0	0	NULL	0
36	29	11	5	138		1641667835	0	0	1	1	1	0	0	1	NULL	0	0	1	NULL	0
37	30	9	29	142	NULL	1641682234	0	0	1	1	1	0	0	0	NULL	0	0	0	NULL	0
38	31	9	30	147	NULL	1641682340	0	0	1	1	1	0	0	0	NULL	0	0	0	NULL	1
39	32	9	31	152	NULL	1641682465	0	0	1	1	1	0	0	0	NULL	0	0	0	NULL	0
40	33	9	32	157	NULL	1641682539	0	0	1	1	1	0	0	0	NULL	0	0	0	NULL	0
41	34	9	33	162	NULL	1641682639	0	0	1	1	1	0	0	0	NULL	0	0	0	NULL	0
42	35	9	34	167	NULL	1641682724	0	0	1	1	1	0	0	0	NULL	0	0	0	NULL	1
43	35	11	6	167		1641683049	0	0	1	1	1	0	0	1	NULL	0	0	0	NULL	1
44	33	11	7	157		1641683320	0	0	1	1	1	0	0	1	NULL	0	0	0	NULL	1
45	31	11	8	147		1641683515	0	0	1	1	1	0	0	1	NULL	0	0	0	NULL	1
46	29	11	9	139		1642616033	0	0	1	1	1	0	0	1	NULL	0	0	0	NULL	0
47	29	21	1	139		1643793208	0	0	1	1	1	0	0	1	NULL	0	0	0	NULL	0
48	16	11	10	72		1643970459	0	0	1	1	1	0	0	1	NULL	0	0	0	NULL	1
49	16	17	1	72		1643970524	0	0	1	1	1	0	0	1	NULL	0	0	0	NULL	1
50	16	24	4	74		1643971367	0	0	1	1	1	0	0	1	NULL	0	0	0	NULL	0
51	16	24	5	74		1643971520	0	0	1	1	1	0	0	1	NULL	0	0	0	NULL	0
52	16	24	6	74		1643971620	0	0	1	1	1	0	0	1	NULL	0	0	0	NULL	0
53	16	24	7	74		1643971689	0	0	1	1	1	0	0	1	NULL	0	0	0	NULL	0
54	16	24	8	74		1643971786	0	0	1	1	1	0	0	1	NULL	0	0	0	NULL	0
55	16	24	9	74		1643971853	0	0	1	1	1	0	0	1	NULL	0	0	0	NULL	0
56	16	24	10	74		1643971934	0	0	1	1	1	0	0	1	NULL	0	0	0	NULL	0
57	16	24	11	74		1643971983	0	0	1	1	1	0	0	1	NULL	0	0	0	NULL	0
58	16	24	12	74		1643972060	0	0	1	1	1	0	0	1	NULL	0	0	0	NULL	0
59	16	24	13	74		1643972191	0	0	1	1	1	0	0	1	NULL	0	0	0	NULL	0
60	16	24	14	74		1643972262	0	0	1	1	1	0	0	1	NULL	0	0	0	NULL	0
61	16	24	15	74		1643972358	0	0	1	1	1	0	0	1	NULL	0	0	0	NULL	0
62	16	24	16	74		1643972401	0	0	1	1	1	0	0	1	NULL	0	0	0	NULL	0
63	16	24	17	74		1643972441	0	0	1	1	1	0	0	1	NULL	0	0	0	NULL	0
64	16	24	18	74		1643972502	0	0	1	1	1	0	0	1	NULL	0	0	0	NULL	0
65	16	24	19	74		1643972576	0	0	1	1	1	0	0	1	NULL	0	0	0	NULL	0
66	16	11	11	74		1644041023	0	0	1	1	1	0	0	1	NULL	0	0	0	NULL	1
67	16	11	12	74		1644041076	0	0	1	1	1	0	0	1	NULL	0	0	0	NULL	1
68	16	11	13	74		1644041121	0	0	1	1	1	0	0	1	NULL	0	0	0	NULL	1
69	16	11	14	74		1644041192	0	0	1	1	1	0	0	1	NULL	0	0	0	NULL	0
70	16	11	15	74		1644041271	0	0	1	1	1	0	0	1	NULL	0	0	0	NULL	0
71	16	11	16	74		1644041349	0	0	1	1	1	0	0	1	NULL	0	0	0	NULL	0
72	16	11	17	74		1644041452	0	0	1	1	1	0	0	1	NULL	0	0	0	NULL	0
73	16	11	18	74		1644041546	0	0	1	1	1	0	0	1	NULL	0	0	0	NULL	0
74	16	11	19	74		1644041620	0	0	1	1	1	0	0	1	NULL	0	0	0	NULL	0
75	16	11	20	74		1644041684	0	0	1	1	1	0	0	1	NULL	0	0	0	NULL	0
76	16	11	21	74		1644041741	0	0	1	1	1	0	0	1	NULL	0	0	0	NULL	0
77	16	11	22	74		1644041820	0	0	1	1	1	0	0	1	NULL	0	0	0	NULL	0
78	16	11	23	74		1644041882	0	0	1	1	1	0	0	1	NULL	0	0	0	NULL	0
79	16	11	24	74		1644041941	0	0	1	1	1	0	0	1	NULL	0	0	0	NULL	0
80	16	11	25	74		1644042087	0	0	1	1	1	0	0	1	NULL	0	0	0	NULL	0
81	16	11	26	74		1644042149	0	0	1	1	1	0	0	1	NULL	0	0	0	NULL	0
82	16	11	27	74		1644042227	0	0	1	1	1	0	0	1	NULL	0	0	0	NULL	0
83	16	11	28	74		1644042267	0	0	1	1	1	0	0	1	NULL	0	0	0	NULL	0
84	16	24	20	75		1644042795	0	0	1	1	1	0	0	1	NULL	0	0	0	NULL	0
85	16	11	29	75		1644042984	0	0	1	1	1	0	0	1	NULL	0	0	0	NULL	0
86	16	11	30	75		1644043031	0	0	1	1	1	0	0	1	NULL	0	0	0	NULL	0
87	16	24	21	75		1644043134	0	0	1	1	1	0	0	1	NULL	0	0	0	NULL	0
88	16	11	31	75		1644043194	0	0	1	1	1	0	0	1	NULL	0	0	0	NULL	0
89	16	11	32	75		1644043291	0	0	1	1	1	0	0	1	NULL	0	0	0	NULL	0
90	16	24	22	75		1644043411	0	0	1	1	1	0	0	1	NULL	0	0	0	NULL	0
91	16	11	33	75		1644043493	0	0	1	1	1	0	0	1	NULL	0	0	0	NULL	0
92	16	11	34	75		1644043557	0	0	1	1	1	0	0	1	NULL	0	0	0	NULL	0
93	16	11	35	75		1644043723	0	0	1	1	1	0	0	1	NULL	0	0	0	NULL	0
94	16	24	23	75		1644043770	0	0	1	1	1	0	0	1	NULL	0	0	0	NULL	0
95	16	11	36	75		1644043845	0	0	1	1	1	0	0	1	NULL	0	0	0	NULL	0
96	16	24	24	75		1644044367	0	0	1	1	1	0	0	1	NULL	0	0	0	NULL	0
97	16	11	37	75		1644045939	0	0	1	1	1	0	0	1	NULL	0	0	0	NULL	0
98	16	11	38	75		1644046003	0	0	1	1	1	0	0	1	NULL	0	0	0	NULL	0
99	16	24	25	75		1644054410	0	0	1	1	1	0	0	1	NULL	0	0	0	NULL	0
100	16	11	39	75		1644055177	0	0	1	1	1	0	0	1	NULL	0	0	0	NULL	0
101	16	11	40	75		1644055232	0	0	1	1	1	0	0	1	NULL	0	0	0	NULL	0
102	16	24	26	75		1644055314	0	0	1	1	1	0	0	1	NULL	0	0	0	NULL	0
103	16	11	41	75		1644055446	0	0	1	1	1	0	0	1	NULL	0	0	0	NULL	0
104	16	11	42	75		1644055520	0	0	1	1	1	0	0	1	NULL	0	0	0	NULL	0
105	16	24	27	75		1644055613	0	0	1	1	1	0	0	1	NULL	0	0	0	NULL	0
106	16	11	43	75		1644055665	0	0	1	1	1	0	0	1	NULL	0	0	0	NULL	0
107	16	11	44	75		1644055710	0	0	1	1	1	0	0	1	NULL	0	0	0	NULL	0
108	16	24	28	75		1644055788	0	0	1	1	1	0	0	1	NULL	0	0	0	NULL	0
109	16	11	45	75		1644056047	0	0	1	1	1	0	0	1	NULL	0	0	0	NULL	0
110	16	24	29	75		1644056268	0	0	1	1	1	0	0	1	NULL	0	0	0	NULL	0
111	16	11	46	75		1644061869	0	0	1	1	1	0	0	1	NULL	0	0	0	NULL	0
112	16	24	30	75		1644061936	0	0	1	1	1	0	0	1	NULL	0	0	0	NULL	0
113	16	24	31	75		1644062003	0	0	1	1	1	0	0	1	NULL	0	0	0	NULL	0
114	16	11	47	75		1644062052	0	0	1	1	1	0	0	1	NULL	0	0	0	NULL	0
115	16	24	32	75		1644062146	0	0	1	1	1	0	0	1	NULL	0	0	0	NULL	0
116	16	24	33	75		1644062215	0	0	1	1	1	0	0	1	NULL	0	0	0	NULL	0
117	16	11	48	75		1644062279	0	0	1	1	1	0	0	1	NULL	0	0	0	NULL	0
118	16	24	34	75		1644062340	0	0	1	1	1	0	0	1	NULL	0	0	0	NULL	0
119	16	11	49	75		1644062385	0	0	1	1	1	0	0	1	NULL	0	0	0	NULL	0
120	16	24	35	75		1644062588	0	0	1	1	1	0	0	1	NULL	0	0	0	NULL	0
121	16	24	36	75		1644062676	0	0	1	1	1	0	0	1	NULL	0	0	0	NULL	0
122	16	24	37	75		1644062759	0	0	1	1	1	0	0	1	NULL	0	0	0	NULL	0
123	16	24	38	75		1644062846	0	0	1	1	1	0	0	1	NULL	0	0	0	NULL	0
124	16	24	39	75		1644062916	0	0	1	1	1	0	0	1	NULL	0	0	0	NULL	0
125	16	24	40	75		1644063008	0	0	1	1	1	0	0	1	NULL	0	0	0	NULL	0
126	16	24	41	75		1644063133	0	0	1	1	1	0	0	1	NULL	0	0	0	NULL	0
127	16	24	42	75		1644063202	0	0	1	1	1	0	0	1	NULL	0	0	0	NULL	0
128	16	24	43	75		1644063244	0	0	1	1	1	0	0	1	NULL	0	0	0	NULL	0
129	16	24	44	75		1644063349	0	0	1	1	1	0	0	1	NULL	0	0	0	NULL	0
130	16	17	2	72		1644317709	0	0	1	1	1	0	0	1	NULL	0	0	0	NULL	1
131	19	18	1	89		1644391296	0	0	1	1	1	0	0	1	NULL	0	0	0	NULL	0
132	19	18	2	90		1644392023	0	0	1	1	1	0	0	1	NULL	0	0	0	NULL	0
133	28	18	3	134		1644392481	0	0	1	1	1	0	0	1	NULL	0	0	0	NULL	0
134	28	18	4	135		1644392709	0	0	1	1	1	0	0	1	NULL	0	0	0	NULL	0
135	27	18	5	129		1644393313	0	0	1	1	1	0	0	1	NULL	0	0	0	NULL	0
136	27	18	6	130		1644393450	0	0	1	1	1	0	0	1	NULL	0	0	0	NULL	0
137	26	18	7	124		1644393905	0	0	1	1	1	0	0	1	NULL	0	0	0	NULL	0
138	26	18	8	125		1644393982	0	0	1	1	1	0	0	1	NULL	0	0	0	NULL	0
139	25	18	9	119		1644394248	0	0	1	1	1	0	0	1	NULL	0	0	0	NULL	0
140	25	18	10	120		1644394519	0	0	1	1	1	0	0	1	NULL	0	0	0	NULL	0
141	24	18	11	114		1644394930	0	0	1	1	1	0	0	1	NULL	0	0	0	NULL	0
142	24	18	12	115		1644395078	0	0	1	1	1	0	0	1	NULL	0	0	0	NULL	0
143	23	18	13	109		1644395259	0	0	1	1	1	0	0	1	NULL	0	0	0	NULL	0
144	23	18	14	110		1644395399	0	0	1	1	1	0	0	1	NULL	0	0	0	NULL	0
145	22	18	15	104		1644395849	0	0	1	1	1	0	0	1	NULL	0	0	0	NULL	0
146	22	18	16	105		1644395971	0	0	1	1	1	0	0	1	NULL	0	0	0	NULL	0
147	21	18	17	99		1644396189	0	0	1	1	1	0	0	1	NULL	0	0	0	NULL	0
148	21	18	18	100		1644396285	0	0	1	1	1	0	0	1	NULL	0	0	0	NULL	0
149	20	18	19	94		1644396632	0	0	1	1	1	0	0	1	NULL	0	0	0	NULL	0
150	20	18	20	95		1644396743	0	0	1	1	1	0	0	1	NULL	0	0	0	NULL	0
151	20	18	21	92		1644399385	0	0	1	1	1	0	0	1	NULL	0	0	0	NULL	1
152	20	18	22	92		1644399664	0	0	1	1	1	0	0	1	NULL	0	0	0	NULL	1
153	28	18	23	132		1644399749	0	0	1	1	1	0	0	1	NULL	0	0	0	NULL	1
154	28	18	24	132		1644399811	0	0	1	1	1	0	0	1	NULL	0	0	0	NULL	1
155	27	18	25	127		1644399912	0	0	1	1	1	0	0	1	NULL	0	0	0	NULL	1
156	27	18	26	127		1644399961	0	0	1	1	1	0	0	1	NULL	0	0	0	NULL	1
157	26	18	27	122		1644400274	0	0	1	1	1	0	0	1	NULL	0	0	0	NULL	1
158	26	18	28	122		1644400328	0	0	1	1	1	0	0	1	NULL	0	0	0	NULL	1
159	25	18	29	117		1644400423	0	0	1	1	1	0	0	1	NULL	0	0	0	NULL	1
160	25	18	30	117		1644400474	0	0	1	1	1	0	0	1	NULL	0	0	0	NULL	1
161	24	18	31	112		1644402135	0	0	1	1	1	0	0	1	NULL	0	0	0	NULL	1
162	24	18	32	112		1644402340	0	0	1	1	1	0	0	1	NULL	0	0	0	NULL	1
163	23	18	33	107		1644402453	0	0	1	1	1	0	0	1	NULL	0	0	0	NULL	1
164	23	18	34	107		1644402519	0	0	1	1	1	0	0	1	NULL	0	0	0	NULL	1
165	22	18	35	102		1644402716	0	0	1	1	1	0	0	1	NULL	0	0	0	NULL	1
166	22	18	36	102		1644402835	0	0	1	1	1	0	0	1	NULL	0	0	0	NULL	1
167	21	18	37	97		1644402985	0	0	1	1	1	0	0	1	NULL	0	0	0	NULL	1
168	21	18	38	97		1644403036	0	0	1	1	1	0	0	1	NULL	0	0	0	NULL	1
169	19	18	39	87		1644403188	0	0	1	1	1	0	0	1	NULL	0	0	0	NULL	1
170	19	18	40	87		1644403678	0	0	1	1	1	0	0	1	NULL	0	0	0	NULL	1
171	17	18	41	77		1644403887	0	0	1	1	1	0	0	1	NULL	0	0	0	NULL	1
172	17	18	42	77		1644403930	0	0	1	1	1	0	0	1	NULL	0	0	0	NULL	1
173	15	11	50	68		1644482616	0	0	1	1	1	0	0	1	NULL	0	0	0	NULL	0
174	36	9	35	186	NULL	1644490631	0	0	1	1	1	0	0	0	NULL	0	0	0	NULL	0
175	37	9	36	191	NULL	1644491849	0	0	1	1	1	0	0	0	NULL	0	0	0	NULL	0
176	38	9	37	196	NULL	1644491973	0	0	1	1	1	0	0	0	NULL	0	0	0	NULL	0
177	39	9	38	201	NULL	1644494116	0	0	1	1	1	0	0	0	NULL	0	0	0	NULL	0
178	40	9	39	206	NULL	1644494339	0	0	1	1	1	0	0	0	NULL	0	0	0	NULL	0
179	41	9	40	211	NULL	1644494459	0	0	1	1	1	0	0	0	NULL	0	0	0	NULL	0
180	42	9	41	216	NULL	1644495241	0	0	1	1	1	0	0	0	NULL	0	0	0	NULL	0
181	43	9	42	221	NULL	1644495536	0	0	1	1	1	0	0	0	NULL	0	0	0	NULL	0
182	44	9	43	226	NULL	1644495641	0	0	1	1	1	0	0	0	NULL	0	0	0	NULL	0
183	45	9	44	231	NULL	1644496813	0	0	1	1	1	0	0	0	NULL	0	0	0	NULL	0
184	46	9	45	236	NULL	1644496922	0	0	1	1	1	0	0	0	NULL	0	0	0	NULL	0
185	47	9	46	241	NULL	1644496968	0	0	1	1	1	0	0	0	NULL	0	0	0	NULL	0
188	48	9	47	246	NULL	1644922641	0	0	1	1	1	0	0	0	NULL	0	0	0	NULL	0
189	48	11	53	247		1644922890	0	0	1	1	1	0	0	1	NULL	0	0	0	NULL	0
190	17	18	43	79		1644923825	0	0	1	1	1	0	0	1	NULL	0	0	0	NULL	0
191	17	18	44	80		1644923888	0	0	1	1	1	0	0	1	NULL	0	0	0	NULL	0
192	48	17	3	247		1644924821	0	0	0	1	0	2	0	1	NULL	0	0	0	NULL	0
193	15	17	4	68		1644925572	0	0	1	1	1	0	0	1	NULL	0	0	0	NULL	0
194	16	24	45	75		1646389829	0	0	1	1	1	0	0	1	NULL	0	0	0	NULL	0
195	16	24	46	75		1646389909	0	0	1	1	1	0	0	1	NULL	0	0	0	NULL	0
196	49	9	48	251	NULL	1646461406	0	0	1	1	1	0	0	0	NULL	0	0	0	NULL	0
197	50	9	49	256	NULL	1646461486	0	0	1	1	1	0	0	0	NULL	0	0	0	NULL	0
198	51	9	50	261	NULL	1646463640	0	0	1	1	1	0	0	0	NULL	0	0	0	NULL	0
199	52	9	51	266	NULL	1646463708	0	0	1	1	1	0	0	0	NULL	0	0	0	NULL	0
200	53	9	52	271	NULL	1646463768	0	0	1	1	1	0	0	0	NULL	0	0	0	NULL	0
201	54	9	53	276	NULL	1646464329	0	0	1	1	1	0	0	0	NULL	0	0	0	NULL	0
202	55	9	54	281	NULL	1646464685	0	0	1	1	1	0	0	0	NULL	0	0	0	NULL	0
203	56	9	55	286	NULL	1646464805	0	0	1	1	1	0	0	0	NULL	0	0	0	NULL	0
204	57	9	56	291	NULL	1646465159	0	0	1	1	1	0	0	0	NULL	0	0	0	NULL	0
205	58	9	57	296	NULL	1646472868	0	0	1	1	1	0	0	0	NULL	0	0	0	NULL	0
206	59	9	58	301	NULL	1646472994	0	0	1	1	1	0	0	0	NULL	0	0	0	NULL	0
207	60	9	59	306	NULL	1646478954	0	0	1	1	1	0	0	0	NULL	0	0	0	NULL	0
208	61	9	60	311	NULL	1646478997	0	0	1	1	1	0	0	0	NULL	0	0	0	NULL	0
209	62	9	61	316	NULL	1646908170	0	0	1	1	1	0	0	0	NULL	0	0	0	NULL	0
210	63	9	62	321	NULL	1646908319	0	0	1	1	1	0	0	0	NULL	0	0	0	NULL	0
211	64	9	63	326	NULL	1646908773	0	0	1	1	1	0	0	0	NULL	0	0	0	NULL	0
212	65	9	64	331	NULL	1646908894	0	0	1	1	1	0	0	0	NULL	0	0	0	NULL	0
213	66	9	65	336	NULL	1646909002	0	0	1	1	1	0	0	0	NULL	0	0	0	NULL	0
214	67	9	66	341	NULL	1646909078	0	0	1	1	1	0	0	0	NULL	0	0	0	NULL	0
215	68	9	67	346	NULL	1646909142	0	0	1	1	1	0	0	0	NULL	0	0	0	NULL	0
216	69	9	68	351	NULL	1646909366	0	0	1	1	1	0	0	0	NULL	0	0	0	NULL	0
217	70	9	69	356	NULL	1646909460	0	0	1	1	1	0	0	0	NULL	0	0	0	NULL	0
218	62	18	45	317		1647430671	0	0	1	1	1	0	0	1	NULL	0	0	0	NULL	0
219	62	18	46	318		1647430754	0	0	1	1	1	0	0	1	NULL	0	0	0	NULL	0
220	62	18	47	319		1647430835	0	0	1	1	1	0	0	1	NULL	0	0	0	NULL	0
221	63	18	48	322		1647431140	0	0	1	1	1	0	0	1	NULL	0	0	0	NULL	0
222	63	18	49	323		1647431245	0	0	1	1	1	0	0	1	NULL	0	0	0	NULL	0
223	63	18	50	324		1647431358	0	0	1	1	1	0	0	1	NULL	0	0	0	NULL	0
224	64	18	51	327		1647431822	0	0	1	1	1	0	0	1	NULL	0	0	0	NULL	0
225	64	18	52	328		1647431893	0	0	1	1	1	0	0	1	NULL	0	0	0	NULL	0
226	64	18	53	329		1647432003	0	0	1	1	1	0	0	1	NULL	0	0	0	NULL	0
227	65	18	54	332		1647432329	0	0	1	1	1	0	0	1	NULL	0	0	0	NULL	0
228	65	18	55	333		1647432400	0	0	1	1	1	0	0	1	NULL	0	0	0	NULL	0
229	65	18	56	334		1647432540	0	0	1	1	1	0	0	1	NULL	0	0	0	NULL	0
230	17	24	47	79		1649403703	0	0	1	1	1	0	0	1	NULL	0	0	0	NULL	0
231	17	24	48	79		1649405156	0	0	1	1	1	0	0	1	NULL	0	0	0	NULL	0
232	17	24	49	79		1649405352	0	0	1	1	1	0	0	1	NULL	0	0	0	NULL	0
233	17	24	50	79		1649405434	0	0	1	1	1	0	0	1	NULL	0	0	0	NULL	0
234	17	24	51	79		1649405719	0	0	1	1	1	0	0	1	NULL	0	0	0	NULL	0
235	17	24	52	79		1649405763	0	0	1	1	1	0	0	1	NULL	0	0	0	NULL	0
236	17	24	53	79		1649405818	0	0	1	1	1	0	0	1	NULL	0	0	0	NULL	0
237	66	18	57	338		1653982894	0	0	1	1	1	0	0	1	NULL	0	0	0	NULL	0
238	66	18	58	339		1653983048	0	0	1	1	1	0	0	1	NULL	0	0	0	NULL	0
239	67	18	59	342		1653983336	0	0	1	1	1	0	0	1	NULL	0	0	0	NULL	0
240	67	18	60	343		1653983484	0	0	1	1	1	0	0	1	NULL	0	0	0	NULL	0
241	67	18	61	344		1653983621	0	0	1	1	1	0	0	1	NULL	0	0	0	NULL	0
242	68	18	62	347		1653984184	0	0	1	1	1	0	0	1	NULL	0	0	0	NULL	0
243	68	18	63	348		1653984307	0	0	1	1	1	0	0	1	NULL	0	0	0	NULL	0
244	68	18	64	349		1653984419	0	0	1	1	1	0	0	1	NULL	0	0	0	NULL	0
245	69	18	65	352		1653985094	0	0	1	1	1	0	0	1	NULL	0	0	0	NULL	0
246	69	18	66	353		1653985209	0	0	1	1	1	0	0	1	NULL	0	0	0	NULL	0
247	69	18	67	354		1653985332	0	0	1	1	1	0	0	1	NULL	0	0	0	NULL	0
248	71	9	70	361	NULL	1654859551	0	0	1	1	1	0	0	0	NULL	0	0	0	NULL	0
249	71	11	54	361		1654859673	0	0	1	1	1	0	0	1	NULL	0	0	0	NULL	1
250	71	11	55	363		1654859765	0	0	1	1	1	0	0	1	NULL	0	0	0	NULL	0
251	34	11	56	162		1655131630	0	0	1	1	1	0	0	1	NULL	0	0	0	NULL	1
252	34	11	57	162		1655131714	0	0	1	1	1	0	0	1	NULL	0	0	0	NULL	1
253	34	18	68	164		1655132094	0	0	1	1	1	0	0	1	NULL	0	0	0	NULL	0
254	34	18	69	165		1655132263	0	0	1	1	1	0	0	1	NULL	0	0	0	NULL	0
255	35	11	58	167		1655132528	0	0	1	1	1	0	0	1	NULL	0	0	0	NULL	1
256	35	18	70	169		1655132645	0	0	1	1	1	0	0	1	NULL	0	0	0	NULL	0
257	35	18	71	366		1655133043	0	0	1	1	1	0	0	1	NULL	0	0	0	NULL	0
258	33	18	72	159		1655133604	0	0	1	1	1	0	0	1	NULL	0	0	0	NULL	0
259	33	18	73	160		1655133727	0	0	1	1	1	0	0	1	NULL	0	0	0	NULL	0
260	33	11	59	157		1655134060	0	0	1	1	1	0	0	1	NULL	0	0	0	NULL	1
261	31	18	74	149		1655136766	0	0	1	1	1	0	0	1	NULL	0	0	0	NULL	0
262	31	18	75	150		1655136968	0	0	1	1	1	0	0	1	NULL	0	0	0	NULL	0
263	31	11	60	147		1655140172	0	0	1	1	1	0	0	1	NULL	0	0	0	NULL	1
264	30	18	76	144		1655141137	0	0	1	1	1	0	0	1	NULL	0	0	0	NULL	0
265	30	18	77	145		1655141299	0	0	1	1	1	0	0	1	NULL	0	0	0	NULL	0
266	30	11	61	142		1655141534	0	0	1	1	1	0	0	1	NULL	0	0	0	NULL	1
267	30	11	62	142		1655141648	0	0	1	1	1	0	0	1	NULL	0	0	0	NULL	1
268	32	11	63	152		1655141852	0	0	1	1	1	0	0	1	NULL	0	0	0	NULL	1
269	32	11	64	152		1655141893	0	0	1	1	1	0	0	1	NULL	0	0	0	NULL	1
270	32	18	78	154		1655141978	0	0	1	1	1	0	0	1	NULL	0	0	0	NULL	0
271	32	18	79	155		1655142122	0	0	1	1	1	0	0	1	NULL	0	0	0	NULL	0
272	15	17	5	68		1657088474	0	0	1	1	1	0	0	1	NULL	0	0	0	NULL	0
273	15	17	6	68		1657263148	0	0	1	1	1	0	0	1	NULL	0	0	0	NULL	0
274	61	11	65	312		1659691471	0	0	1	1	1	0	0	1	NULL	0	0	0	NULL	0
275	60	11	66	307		1659691864	0	0	1	1	1	0	0	1	NULL	0	0	0	NULL	0
276	72	9	71	369	NULL	1659780567	0	0	1	1	1	0	0	0	NULL	0	0	0	NULL	0
277	72	11	67	370		1659780756	0	0	1	1	1	0	0	1	NULL	0	0	0	NULL	0
278	73	9	72	374	NULL	1659780986	0	0	1	1	1	0	0	0	NULL	0	0	0	NULL	0
279	73	11	68	375		1659781705	0	0	1	1	1	0	0	1	NULL	0	0	0	NULL	0
280	74	9	73	379	NULL	1659860244	0	0	1	1	1	0	0	0	NULL	0	0	0	NULL	0
281	75	9	74	384	NULL	1659860318	0	0	1	1	1	0	0	0	NULL	0	0	0	NULL	0
282	76	9	75	389	NULL	1659861254	0	0	1	1	1	0	0	0	NULL	0	0	0	NULL	0
283	77	9	76	394	NULL	1659861306	0	0	1	1	1	0	0	0	NULL	0	0	0	NULL	0
284	78	9	77	399	NULL	1659861444	0	0	1	1	1	0	0	0	NULL	0	0	0	NULL	0
285	79	9	78	404	NULL	1659861518	0	0	1	1	1	0	0	0	NULL	0	0	0	NULL	0
286	80	9	79	409	NULL	1659863278	0	0	1	1	1	0	0	0	NULL	0	0	0	NULL	0
287	81	9	80	414	NULL	1659863380	0	0	1	1	1	0	0	0	NULL	0	0	0	NULL	0
288	82	9	81	419	NULL	1659863529	0	0	1	1	1	0	0	0	NULL	0	0	0	NULL	0
289	83	9	82	424	NULL	1659863610	0	0	1	1	1	0	0	0	NULL	0	0	0	NULL	0
290	84	9	83	429	NULL	1659864670	0	0	1	1	1	0	0	0	NULL	0	0	0	NULL	0
291	85	9	84	434	NULL	1659864723	0	0	1	1	1	0	0	0	NULL	0	0	0	NULL	0
292	75	11	69	385		1659865720	0	0	1	1	1	0	0	1	NULL	0	0	0	NULL	0
293	74	11	70	380		1659865862	0	0	1	1	1	0	0	1	NULL	0	0	0	NULL	0
294	76	11	71	390		1659866014	0	0	1	1	1	0	0	1	NULL	0	0	0	NULL	0
295	77	11	72	395		1659866171	0	0	1	1	1	0	0	1	NULL	0	0	0	NULL	0
296	78	11	73	400		1659866318	0	0	1	1	1	0	0	1	NULL	0	0	0	NULL	0
297	79	11	74	405		1659866453	0	0	1	1	1	0	0	1	NULL	0	0	0	NULL	0
298	81	11	75	415		1659867686	0	0	1	1	1	0	0	1	NULL	0	0	0	NULL	0
299	80	11	76	410		1659867822	0	0	1	1	1	0	0	1	NULL	0	0	0	NULL	0
300	83	11	77	425		1659867958	0	0	1	1	1	0	0	1	NULL	0	0	0	NULL	0
301	82	11	78	420		1659868125	0	0	1	1	1	0	0	1	NULL	0	0	0	NULL	0
302	85	11	79	435		1659868451	0	0	1	1	1	0	0	1	NULL	0	0	0	NULL	0
303	84	11	80	430		1659868610	0	0	1	1	1	0	0	1	NULL	0	0	0	NULL	0
304	36	11	81	187		1660372318	0	0	1	1	1	0	0	1	NULL	0	0	0	NULL	0
305	86	9	85	439	NULL	1660375157	0	0	1	1	1	0	0	0	NULL	0	0	0	NULL	0
306	86	11	82	440		1660375371	0	0	1	1	1	0	0	1	NULL	0	0	0	NULL	0
307	35	18	80	169		1663566021	0	0	1	1	1	0	0	1	NULL	0	0	0	NULL	1
308	35	24	54	169		1663566462	0	0	1	1	1	0	0	2	NULL	1	0	0	NULL	0
309	35	24	55	169		1663571076	0	0	1	1	1	0	0	1	NULL	0	0	0	NULL	0
310	35	24	56	169		1663571622	0	0	1	1	1	0	0	1	NULL	0	0	0	NULL	0
311	35	24	57	169		1663572862	0	0	1	1	1	0	0	1	NULL	0	0	0	NULL	0
312	35	24	58	169		1663573572	0	0	1	1	1	0	0	1	NULL	0	0	0	NULL	0
313	35	24	59	169		1663573625	0	0	1	1	1	0	0	1	NULL	0	0	0	NULL	0
314	35	24	60	169		1663573705	0	0	1	1	1	0	0	1	NULL	0	0	0	NULL	0
315	35	24	61	169		1663573862	0	0	1	1	1	0	0	1	NULL	0	0	0	NULL	0
316	35	24	62	169		1663574276	0	0	1	1	1	0	0	1	NULL	0	0	0	NULL	0
317	35	24	63	169		1663575168	0	0	1	1	1	0	0	1	NULL	0	0	0	NULL	0
318	35	24	64	169		1663577103	0	0	1	1	1	0	0	1	NULL	0	0	0	NULL	0
319	35	24	65	169		1663581206	0	0	1	1	1	0	0	1	NULL	0	0	0	NULL	0
320	35	11	83	169		1663582158	0	0	1	1	1	0	0	2	0	0	0	0	NULL	1
321	35	24	66	169		1663588031	0	0	1	1	1	0	0	1	NULL	0	0	0	NULL	0
322	35	24	67	169		1663588109	0	0	1	1	1	0	0	1	NULL	0	0	0	NULL	0
323	35	24	68	169		1663588180	0	0	1	1	1	0	0	1	NULL	0	0	0	NULL	0
324	35	11	84	169		1663588297	0	0	1	1	1	0	0	2	0	0	0	0	NULL	0
325	35	24	69	169		1663662373	0	0	1	1	1	0	0	1	NULL	0	0	0	NULL	0
326	35	24	70	169		1663662429	0	0	1	1	1	0	0	1	NULL	0	0	0	NULL	0
327	35	24	71	169		1663662995	0	0	1	1	1	0	0	1	NULL	0	0	0	NULL	0
328	35	24	72	169		1663663130	0	0	1	1	1	0	0	1	NULL	0	0	0	NULL	0
329	35	24	73	169		1663663177	0	0	1	1	1	0	0	1	NULL	0	0	0	NULL	0
330	35	24	74	169		1663663819	0	0	1	1	1	0	0	1	NULL	0	0	0	NULL	0
331	35	24	75	169		1663663820	0	0	1	1	1	0	0	1	NULL	0	0	0	NULL	0
332	35	24	76	169		1663664583	0	0	1	1	1	0	0	1	NULL	0	0	0	NULL	0
333	35	24	77	169		1663664638	0	0	1	1	1	0	0	1	NULL	0	0	0	NULL	0
334	35	24	78	169		1663664689	0	0	1	1	1	0	0	1	NULL	0	0	0	NULL	0
335	35	24	79	169		1663664832	0	0	1	1	1	0	0	1	NULL	0	0	0	NULL	0
336	35	24	80	169		1663664882	0	0	1	1	1	0	0	1	NULL	0	0	0	NULL	0
337	35	24	81	169		1663664933	0	0	1	1	1	0	0	1	NULL	0	0	0	NULL	0
338	35	24	82	169		1663664990	0	0	1	1	1	0	0	1	NULL	0	0	0	NULL	0
339	35	24	83	169		1663665045	0	0	1	1	1	0	0	1	NULL	0	0	0	NULL	0
340	35	24	84	169		1663665101	0	0	1	1	1	0	0	1	NULL	0	0	0	NULL	0
341	35	24	85	169		1663665155	0	0	1	1	1	0	0	1	NULL	0	0	0	NULL	0
342	35	24	86	169		1663665206	0	0	1	1	1	0	0	1	NULL	0	0	0	NULL	0
343	35	24	87	169		1663665374	0	0	1	1	1	0	0	1	NULL	0	0	0	NULL	0
344	35	24	88	169		1663665450	0	0	1	1	1	0	0	1	NULL	0	0	0	NULL	0
345	35	24	89	169		1663665499	0	0	1	1	1	0	0	1	NULL	0	0	0	NULL	0
346	35	24	90	169		1663665571	0	0	1	1	1	0	0	1	NULL	0	0	0	NULL	0
347	35	24	91	169		1663665618	0	0	1	1	1	0	0	1	NULL	0	0	0	NULL	0
348	35	24	92	169		1663665675	0	0	1	1	1	0	0	1	NULL	0	0	0	NULL	0
349	35	24	93	169		1663665718	0	0	1	1	1	0	0	1	NULL	0	0	0	NULL	0
350	35	24	94	366		1663691700	0	0	1	1	1	0	0	1	NULL	0	0	0	NULL	0
351	35	24	95	366		1663691768	0	0	1	1	1	0	0	1	NULL	0	0	0	NULL	0
352	35	24	96	366		1663691822	0	0	1	1	1	0	0	1	NULL	0	0	0	NULL	0
353	35	24	97	366		1663691863	0	0	1	1	1	0	0	1	NULL	0	0	0	NULL	0
354	35	24	98	366		1663691912	0	0	1	1	1	0	0	1	NULL	0	0	0	NULL	0
355	35	24	99	366		1663691958	0	0	1	1	1	0	0	1	NULL	0	0	0	NULL	0
356	35	24	100	366		1663692002	0	0	1	1	1	0	0	1	NULL	0	0	0	NULL	0
357	35	24	101	366		1663692635	0	0	1	1	1	0	0	1	NULL	0	0	0	NULL	0
358	35	24	102	366		1663692695	0	0	1	1	1	0	0	1	NULL	0	0	0	NULL	0
359	35	24	103	366		1663692739	0	0	1	1	1	0	0	1	NULL	0	0	0	NULL	0
360	35	24	104	366		1663692800	0	0	1	1	1	0	0	1	NULL	0	0	0	NULL	0
361	35	24	105	366		1663692840	0	0	1	1	1	0	0	1	NULL	0	0	0	NULL	0
362	35	24	106	366		1663692890	0	0	1	1	1	0	0	1	NULL	0	0	0	NULL	0
363	35	24	107	366		1663692941	0	0	1	1	1	0	0	1	NULL	0	0	0	NULL	0
364	35	24	108	366		1663692984	0	0	1	1	1	0	0	1	NULL	0	0	0	NULL	0
365	35	24	109	366		1663693031	0	0	1	1	1	0	0	1	NULL	0	0	0	NULL	0
366	35	24	110	366		1663693114	0	0	1	1	1	0	0	1	NULL	0	0	0	NULL	0
367	35	24	111	366		1663693170	0	0	1	1	1	0	0	1	NULL	0	0	0	NULL	0
368	35	24	112	366		1663693276	0	0	1	1	1	0	0	1	NULL	0	0	0	NULL	0
369	35	24	113	366		1663693346	0	0	1	1	1	0	0	1	NULL	0	0	0	NULL	0
370	35	24	114	366		1663693392	0	0	1	1	1	0	0	1	NULL	0	0	0	NULL	0
371	35	24	115	366		1663693441	0	0	1	1	1	0	0	1	NULL	0	0	0	NULL	0
372	35	24	116	366		1663693495	0	0	1	1	1	0	0	1	NULL	0	0	0	NULL	0
373	35	24	117	366		1663693559	0	0	1	1	1	0	0	1	NULL	0	0	0	NULL	0
374	35	24	118	366		1663693611	0	0	1	1	1	0	0	1	NULL	0	0	0	NULL	0
375	35	24	119	366		1663693660	0	0	1	1	1	0	0	1	NULL	0	0	0	NULL	0
376	35	24	120	366		1663693733	0	0	1	1	1	0	0	1	NULL	0	0	0	NULL	0
377	35	24	121	366		1663693786	0	0	1	1	1	0	0	1	NULL	0	0	0	NULL	0
378	35	24	122	366		1663693843	0	0	1	1	1	0	0	1	NULL	0	0	0	NULL	0
379	35	24	123	366		1663693904	0	0	1	1	1	0	0	1	NULL	0	0	0	NULL	0
380	35	24	124	366		1663693954	0	0	1	1	1	0	0	1	NULL	0	0	0	NULL	0
381	35	24	125	366		1663694011	0	0	1	1	1	0	0	1	NULL	0	0	0	NULL	0
382	35	24	126	366		1663694057	0	0	1	1	1	0	0	1	NULL	0	0	0	NULL	0
383	35	24	127	366		1663694102	0	0	1	1	1	0	0	1	NULL	0	0	0	NULL	0
384	35	24	128	366		1663694150	0	0	1	1	1	0	0	1	NULL	0	0	0	NULL	0
385	35	24	129	366		1663694197	0	0	1	1	1	0	0	1	NULL	0	0	0	NULL	0
386	35	24	130	366		1663694249	0	0	1	1	1	0	0	1	NULL	0	0	0	NULL	0
387	35	24	131	366		1663694558	0	0	1	1	1	0	0	1	NULL	0	0	0	NULL	0
388	35	24	132	366		1663694613	0	0	1	1	1	0	0	1	NULL	0	0	0	NULL	0
389	35	24	133	366		1663694658	0	0	1	1	1	0	0	1	NULL	0	0	0	NULL	0
390	35	24	134	366		1663694708	0	0	1	1	1	0	0	1	NULL	0	0	0	NULL	0
391	35	24	135	366		1663694755	0	0	1	1	1	0	0	1	NULL	0	0	0	NULL	0
392	35	24	136	366		1663694810	0	0	1	1	1	0	0	1	NULL	0	0	0	NULL	0
393	35	24	137	366		1663694854	0	0	1	1	1	0	0	1	NULL	0	0	0	NULL	0
394	35	24	138	366		1663694910	0	0	1	1	1	0	0	1	NULL	0	0	0	NULL	0
395	35	24	139	366		1663694956	0	0	1	1	1	0	0	1	NULL	0	0	0	NULL	0
396	35	24	140	366		1663695029	0	0	1	1	1	0	0	1	NULL	0	0	0	NULL	0
397	35	24	141	366		1663695069	0	0	1	1	1	0	0	1	NULL	0	0	0	NULL	0
398	35	24	142	366		1663695118	0	0	1	1	1	0	0	1	NULL	0	0	0	NULL	0
399	35	24	143	366		1663695171	0	0	1	1	1	0	0	1	NULL	0	0	0	NULL	0
400	35	24	144	366		1663695227	0	0	1	1	1	0	0	1	NULL	0	0	0	NULL	0
401	35	24	145	366		1663695228	0	0	1	1	1	0	0	1	NULL	0	0	0	NULL	0
402	35	24	146	366		1663695372	0	0	1	1	1	0	0	1	NULL	0	0	0	NULL	0
403	35	24	147	366		1663695419	0	0	1	1	1	0	0	1	NULL	0	0	0	NULL	0
404	35	24	148	366		1663695474	0	0	1	1	1	0	0	1	NULL	0	0	0	NULL	0
405	35	24	149	366		1663695518	0	0	1	1	1	0	0	1	NULL	0	0	0	NULL	0
406	35	24	150	366		1663695566	0	0	1	1	1	0	0	1	NULL	0	0	0	NULL	0
407	35	24	151	366		1663695618	0	0	1	1	1	0	0	1	NULL	0	0	0	NULL	0
408	35	24	152	366		1663695881	0	0	1	1	1	0	0	1	NULL	0	0	0	NULL	0
409	35	24	153	366		1663695935	0	0	1	1	1	0	0	1	NULL	0	0	0	NULL	0
410	35	24	154	366		1663695986	0	0	1	1	1	0	0	1	NULL	0	0	0	NULL	0
411	35	24	155	366		1663696036	0	0	1	1	1	0	0	1	NULL	0	0	0	NULL	0
412	34	24	156	164		1663834230	0	0	1	1	1	0	0	1	NULL	0	0	0	NULL	0
413	34	24	157	164		1663834273	0	0	1	1	1	0	0	1	NULL	0	0	0	NULL	0
414	34	24	158	164		1663834315	0	0	1	1	1	0	0	1	NULL	0	0	0	NULL	0
415	34	24	159	164		1663834355	0	0	1	1	1	0	0	1	NULL	0	0	0	NULL	0
416	34	24	160	164		1663834399	0	0	1	1	1	0	0	1	NULL	0	0	0	NULL	0
417	34	24	161	164		1663834441	0	0	1	1	1	0	0	1	NULL	0	0	0	NULL	0
418	34	24	162	164		1663834488	0	0	1	1	1	0	0	1	NULL	0	0	0	NULL	0
419	34	24	163	164		1663834536	0	0	1	1	1	0	0	1	NULL	0	0	0	NULL	0
420	34	24	164	164		1663834581	0	0	1	1	1	0	0	1	NULL	0	0	0	NULL	0
421	34	24	165	164		1663834626	0	0	1	1	1	0	0	1	NULL	0	0	0	NULL	0
422	34	24	166	164		1663834670	0	0	1	1	1	0	0	1	NULL	0	0	0	NULL	0
423	34	24	167	164		1663834718	0	0	1	1	1	0	0	1	NULL	0	0	0	NULL	0
424	34	24	168	164		1663834761	0	0	1	1	1	0	0	1	NULL	0	0	0	NULL	0
425	34	24	169	164		1663834806	0	0	1	1	1	0	0	1	NULL	0	0	0	NULL	0
426	34	24	170	164		1663834851	0	0	1	1	1	0	0	1	NULL	0	0	0	NULL	0
427	34	24	171	164		1663834909	0	0	1	1	1	0	0	1	NULL	0	0	0	NULL	0
428	34	24	172	164		1663834963	0	0	1	1	1	0	0	1	NULL	0	0	0	NULL	0
429	34	24	173	164		1663835250	0	0	1	1	1	0	0	1	NULL	0	0	0	NULL	0
430	34	24	174	164		1663835296	0	0	1	1	1	0	0	1	NULL	0	0	0	NULL	0
431	34	24	175	164		1663835729	0	0	1	1	1	0	0	1	NULL	0	0	0	NULL	0
432	34	24	176	164		1663835934	0	0	1	1	1	0	0	1	NULL	0	0	0	NULL	0
433	34	24	177	164		1663835988	0	0	1	1	1	0	0	1	NULL	0	0	0	NULL	0
434	34	24	178	164		1663837254	0	0	1	1	1	0	0	1	NULL	0	0	0	NULL	0
435	34	24	179	164		1663837306	0	0	1	1	1	0	0	1	NULL	0	0	0	NULL	0
436	34	24	180	164		1663837558	0	0	1	1	1	0	0	1	NULL	0	0	0	NULL	0
437	34	24	181	164		1663846544	0	0	1	1	1	0	0	1	NULL	0	0	0	NULL	0
438	34	24	182	164		1663846584	0	0	1	1	1	0	0	1	NULL	0	0	0	NULL	0
439	34	24	183	164		1663846634	0	0	1	1	1	0	0	1	NULL	0	0	0	NULL	0
440	34	24	184	164		1663846678	0	0	1	1	1	0	0	1	NULL	0	0	0	NULL	0
441	34	24	185	164		1663846741	0	0	1	1	1	0	0	1	NULL	0	0	0	NULL	0
442	34	24	186	164		1663846784	0	0	1	1	1	0	0	1	NULL	0	0	0	NULL	0
443	34	24	187	164		1663846826	0	0	1	1	1	0	0	1	NULL	0	0	0	NULL	0
444	34	24	188	164		1663846870	0	0	1	1	1	0	0	1	NULL	0	0	0	NULL	0
445	34	24	189	164		1663846920	0	0	1	1	1	0	0	1	NULL	0	0	0	NULL	0
446	34	24	190	165		1663894785	0	0	1	1	1	0	0	1	NULL	0	0	0	NULL	0
447	34	24	191	165		1663894867	0	0	1	1	1	0	0	1	NULL	0	0	0	NULL	0
448	34	24	192	165		1663894915	0	0	1	1	1	0	0	1	NULL	0	0	0	NULL	0
449	34	24	193	165		1663894986	0	0	1	1	1	0	0	1	NULL	0	0	0	NULL	0
450	34	24	194	165		1663895056	0	0	1	1	1	0	0	1	NULL	0	0	0	NULL	0
451	34	24	195	165		1663895187	0	0	1	1	1	0	0	1	NULL	0	0	0	NULL	0
452	34	24	196	165		1663895238	0	0	1	1	1	0	0	1	NULL	0	0	0	NULL	0
453	34	24	197	165		1663895285	0	0	1	1	1	0	0	1	NULL	0	0	0	NULL	0
454	34	24	198	165		1663895336	0	0	1	1	1	0	0	1	NULL	0	0	0	NULL	0
455	34	24	199	165		1663895390	0	0	1	1	1	0	0	1	NULL	0	0	0	NULL	0
456	34	24	200	165		1663895436	0	0	1	1	1	0	0	1	NULL	0	0	0	NULL	0
457	34	24	201	165		1663895487	0	0	1	1	1	0	0	1	NULL	0	0	0	NULL	0
458	34	24	202	165		1663895538	0	0	1	1	1	0	0	1	NULL	0	0	0	NULL	0
459	34	24	203	165		1663895583	0	0	1	1	1	0	0	1	NULL	0	0	0	NULL	0
460	34	24	204	165		1663895634	0	0	1	1	1	0	0	1	NULL	0	0	0	NULL	0
461	34	24	205	165		1663895677	0	0	1	1	1	0	0	1	NULL	0	0	0	NULL	0
462	34	24	206	165		1663895729	0	0	1	1	1	0	0	1	NULL	0	0	0	NULL	0
463	34	24	207	165		1663895780	0	0	1	1	1	0	0	1	NULL	0	0	0	NULL	0
464	34	24	208	165		1663895827	0	0	1	1	1	0	0	1	NULL	0	0	0	NULL	0
465	34	24	209	165		1663895882	0	0	1	1	1	0	0	1	NULL	0	0	0	NULL	0
466	34	24	210	165		1663895928	0	0	1	1	1	0	0	1	NULL	0	0	0	NULL	0
467	34	24	211	165		1663895983	0	0	1	1	1	0	0	1	NULL	0	0	0	NULL	0
468	34	24	212	165		1663896037	0	0	1	1	1	0	0	1	NULL	0	0	0	NULL	0
469	34	24	213	165		1663896096	0	0	1	1	1	0	0	1	NULL	0	0	0	NULL	0
470	34	24	214	165		1663897993	0	0	1	1	1	0	0	1	NULL	0	0	0	NULL	0
471	34	24	215	165		1663898038	0	0	1	1	1	0	0	1	NULL	0	0	0	NULL	0
472	34	24	216	165		1663898080	0	0	1	1	1	0	0	1	NULL	0	0	0	NULL	0
473	34	24	217	165		1663898124	0	0	1	1	1	0	0	1	NULL	0	0	0	NULL	0
474	34	24	218	165		1663898294	0	0	1	1	1	0	0	1	NULL	0	0	0	NULL	0
475	34	24	219	165		1663898338	0	0	1	1	1	0	0	1	NULL	0	0	0	NULL	0
476	34	24	220	165		1663898383	0	0	1	1	1	0	0	1	NULL	0	0	0	NULL	0
477	34	24	221	165		1663898385	0	0	1	1	1	0	0	1	NULL	0	0	0	NULL	0
478	34	24	222	165		1663898502	0	0	1	1	1	0	0	1	NULL	0	0	0	NULL	0
479	34	24	223	165		1663898550	0	0	1	1	1	0	0	1	NULL	0	0	0	NULL	0
480	34	24	224	165		1663898595	0	0	1	1	1	0	0	1	NULL	0	0	0	NULL	0
481	34	24	225	165		1663898642	0	0	1	1	1	0	0	1	NULL	0	0	0	NULL	0
482	34	24	226	165		1663898708	0	0	1	1	1	0	0	1	NULL	0	0	0	NULL	0
483	35	9	86	167	NULL	1641682724	0	0	1	1	1	0	0	0	NULL	0	0	0	NULL	0
484	35	18	81	169		1655132645	0	0	1	1	1	0	0	1	NULL	0	0	0	NULL	1
485	35	24	227	169		1663566462	0	0	1	1	1	0	0	2	NULL	1	0	0	NULL	1
486	35	11	85	169		1663588297	0	0	1	1	1	0	0	2	0	0	0	0	NULL	1
487	35	24	228	169		1663571076	0	0	1	1	1	0	0	1	NULL	0	0	0	NULL	1
488	35	24	229	169		1663571622	0	0	1	1	1	0	0	1	NULL	0	0	0	NULL	1
489	35	24	230	169		1663572862	0	0	1	1	1	0	0	1	NULL	0	0	0	NULL	1
490	35	24	231	169		1663573572	0	0	1	1	1	0	0	1	NULL	0	0	0	NULL	1
491	35	24	232	169		1663573625	0	0	1	1	1	0	0	1	NULL	0	0	0	NULL	1
492	35	24	233	169		1663573705	0	0	1	1	1	0	0	1	NULL	0	0	0	NULL	1
493	35	24	234	169		1663573862	0	0	1	1	1	0	0	1	NULL	0	0	0	NULL	1
494	35	24	235	169		1663574276	0	0	1	1	1	0	0	1	NULL	0	0	0	NULL	1
495	35	24	236	169		1663575168	0	0	1	1	1	0	0	1	NULL	0	0	0	NULL	1
496	35	24	237	169		1663577103	0	0	1	1	1	0	0	1	NULL	0	0	0	NULL	1
497	35	24	238	169		1663581206	0	0	1	1	1	0	0	1	NULL	0	0	0	NULL	1
498	35	24	239	169		1663588031	0	0	1	1	1	0	0	1	NULL	0	0	0	NULL	1
499	35	24	240	169		1663588109	0	0	1	1	1	0	0	1	NULL	0	0	0	NULL	1
500	35	24	241	169		1663588180	0	0	1	1	1	0	0	1	NULL	0	0	0	NULL	1
501	35	24	242	169		1663662373	0	0	1	1	1	0	0	1	NULL	0	0	0	NULL	1
502	35	24	243	169		1663662429	0	0	1	1	1	0	0	1	NULL	0	0	0	NULL	1
503	35	24	244	169		1663662995	0	0	1	1	1	0	0	1	NULL	0	0	0	NULL	1
504	35	24	245	169		1663663130	0	0	1	1	1	0	0	1	NULL	0	0	0	NULL	1
505	35	24	246	169		1663663177	0	0	1	1	1	0	0	1	NULL	0	0	0	NULL	1
506	35	24	247	169		1663663819	0	0	1	1	1	0	0	1	NULL	0	0	0	NULL	1
507	35	24	248	169		1663663820	0	0	1	1	1	0	0	1	NULL	0	0	0	NULL	1
508	35	24	249	169		1663664583	0	0	1	1	1	0	0	1	NULL	0	0	0	NULL	1
509	35	24	250	169		1663664638	0	0	1	1	1	0	0	1	NULL	0	0	0	NULL	1
510	35	24	251	169		1663664689	0	0	1	1	1	0	0	1	NULL	0	0	0	NULL	1
511	35	24	252	169		1663664832	0	0	1	1	1	0	0	1	NULL	0	0	0	NULL	1
512	35	24	253	169		1663664882	0	0	1	1	1	0	0	1	NULL	0	0	0	NULL	1
513	35	24	254	169		1663664933	0	0	1	1	1	0	0	1	NULL	0	0	0	NULL	1
514	35	24	255	169		1663664990	0	0	1	1	1	0	0	1	NULL	0	0	0	NULL	1
515	35	24	256	169		1663665045	0	0	1	1	1	0	0	1	NULL	0	0	0	NULL	1
516	35	24	257	169		1663665101	0	0	1	1	1	0	0	1	NULL	0	0	0	NULL	1
517	35	24	258	169		1663665155	0	0	1	1	1	0	0	1	NULL	0	0	0	NULL	1
518	35	24	259	169		1663665206	0	0	1	1	1	0	0	1	NULL	0	0	0	NULL	1
519	35	24	260	169		1663665374	0	0	1	1	1	0	0	1	NULL	0	0	0	NULL	1
520	35	24	261	169		1663665450	0	0	1	1	1	0	0	1	NULL	0	0	0	NULL	1
521	35	24	262	169		1663665499	0	0	1	1	1	0	0	1	NULL	0	0	0	NULL	1
522	35	24	263	169		1663665571	0	0	1	1	1	0	0	1	NULL	0	0	0	NULL	1
523	35	24	264	169		1663665618	0	0	1	1	1	0	0	1	NULL	0	0	0	NULL	1
524	35	24	265	169		1663665675	0	0	1	1	1	0	0	1	NULL	0	0	0	NULL	1
525	35	24	266	169		1663665718	0	0	1	1	1	0	0	1	NULL	0	0	0	NULL	1
526	35	18	82	366		1655133043	0	0	1	1	1	0	0	1	NULL	0	0	0	NULL	1
527	35	24	267	366		1663691700	0	0	1	1	1	0	0	1	NULL	0	0	0	NULL	1
528	35	24	268	366		1663691768	0	0	1	1	1	0	0	1	NULL	0	0	0	NULL	1
529	35	24	269	366		1663691822	0	0	1	1	1	0	0	1	NULL	0	0	0	NULL	1
530	35	24	270	366		1663691863	0	0	1	1	1	0	0	1	NULL	0	0	0	NULL	1
531	35	24	271	366		1663691912	0	0	1	1	1	0	0	1	NULL	0	0	0	NULL	1
532	35	24	272	366		1663691958	0	0	1	1	1	0	0	1	NULL	0	0	0	NULL	1
533	35	24	273	366		1663692002	0	0	1	1	1	0	0	1	NULL	0	0	0	NULL	1
534	35	24	274	366		1663692635	0	0	1	1	1	0	0	1	NULL	0	0	0	NULL	1
535	35	24	275	366		1663692695	0	0	1	1	1	0	0	1	NULL	0	0	0	NULL	1
536	35	24	276	366		1663692739	0	0	1	1	1	0	0	1	NULL	0	0	0	NULL	1
537	35	24	277	366		1663692800	0	0	1	1	1	0	0	1	NULL	0	0	0	NULL	1
538	35	24	278	366		1663692840	0	0	1	1	1	0	0	1	NULL	0	0	0	NULL	1
539	35	24	279	366		1663692890	0	0	1	1	1	0	0	1	NULL	0	0	0	NULL	1
540	35	24	280	366		1663692941	0	0	1	1	1	0	0	1	NULL	0	0	0	NULL	1
541	35	24	281	366		1663692984	0	0	1	1	1	0	0	1	NULL	0	0	0	NULL	1
542	35	24	282	366		1663693031	0	0	1	1	1	0	0	1	NULL	0	0	0	NULL	1
543	35	24	283	366		1663693114	0	0	1	1	1	0	0	1	NULL	0	0	0	NULL	1
544	35	24	284	366		1663693170	0	0	1	1	1	0	0	1	NULL	0	0	0	NULL	1
545	35	24	285	366		1663693276	0	0	1	1	1	0	0	1	NULL	0	0	0	NULL	1
546	35	24	286	366		1663693346	0	0	1	1	1	0	0	1	NULL	0	0	0	NULL	1
547	35	24	287	366		1663693392	0	0	1	1	1	0	0	1	NULL	0	0	0	NULL	1
548	35	24	288	366		1663693441	0	0	1	1	1	0	0	1	NULL	0	0	0	NULL	1
549	35	24	289	366		1663693495	0	0	1	1	1	0	0	1	NULL	0	0	0	NULL	1
550	35	24	290	366		1663693559	0	0	1	1	1	0	0	1	NULL	0	0	0	NULL	1
551	35	24	291	366		1663693611	0	0	1	1	1	0	0	1	NULL	0	0	0	NULL	1
552	35	24	292	366		1663693660	0	0	1	1	1	0	0	1	NULL	0	0	0	NULL	1
553	35	24	293	366		1663693733	0	0	1	1	1	0	0	1	NULL	0	0	0	NULL	1
554	35	24	294	366		1663693786	0	0	1	1	1	0	0	1	NULL	0	0	0	NULL	1
555	35	24	295	366		1663693843	0	0	1	1	1	0	0	1	NULL	0	0	0	NULL	1
556	35	24	296	366		1663693904	0	0	1	1	1	0	0	1	NULL	0	0	0	NULL	1
557	35	24	297	366		1663693954	0	0	1	1	1	0	0	1	NULL	0	0	0	NULL	1
558	35	24	298	366		1663694011	0	0	1	1	1	0	0	1	NULL	0	0	0	NULL	1
559	35	24	299	366		1663694057	0	0	1	1	1	0	0	1	NULL	0	0	0	NULL	1
560	35	24	300	366		1663694102	0	0	1	1	1	0	0	1	NULL	0	0	0	NULL	1
561	35	24	301	366		1663694150	0	0	1	1	1	0	0	1	NULL	0	0	0	NULL	1
562	35	24	302	366		1663694197	0	0	1	1	1	0	0	1	NULL	0	0	0	NULL	1
563	35	24	303	366		1663694249	0	0	1	1	1	0	0	1	NULL	0	0	0	NULL	1
564	35	24	304	366		1663694558	0	0	1	1	1	0	0	1	NULL	0	0	0	NULL	1
565	35	24	305	366		1663694613	0	0	1	1	1	0	0	1	NULL	0	0	0	NULL	1
566	35	24	306	366		1663694658	0	0	1	1	1	0	0	1	NULL	0	0	0	NULL	1
567	35	24	307	366		1663694708	0	0	1	1	1	0	0	1	NULL	0	0	0	NULL	1
568	35	24	308	366		1663694755	0	0	1	1	1	0	0	1	NULL	0	0	0	NULL	1
569	35	24	309	366		1663694810	0	0	1	1	1	0	0	1	NULL	0	0	0	NULL	1
570	35	24	310	366		1663694854	0	0	1	1	1	0	0	1	NULL	0	0	0	NULL	1
571	35	24	311	366		1663694910	0	0	1	1	1	0	0	1	NULL	0	0	0	NULL	1
572	35	24	312	366		1663694956	0	0	1	1	1	0	0	1	NULL	0	0	0	NULL	1
573	35	24	313	366		1663695029	0	0	1	1	1	0	0	1	NULL	0	0	0	NULL	1
574	35	24	314	366		1663695069	0	0	1	1	1	0	0	1	NULL	0	0	0	NULL	1
575	35	24	315	366		1663695118	0	0	1	1	1	0	0	1	NULL	0	0	0	NULL	1
576	35	24	316	366		1663695171	0	0	1	1	1	0	0	1	NULL	0	0	0	NULL	1
577	35	24	317	366		1663695227	0	0	1	1	1	0	0	1	NULL	0	0	0	NULL	1
578	35	24	318	366		1663695228	0	0	1	1	1	0	0	1	NULL	0	0	0	NULL	1
579	35	24	319	366		1663695372	0	0	1	1	1	0	0	1	NULL	0	0	0	NULL	1
580	35	24	320	366		1663695419	0	0	1	1	1	0	0	1	NULL	0	0	0	NULL	1
581	35	24	321	366		1663695474	0	0	1	1	1	0	0	1	NULL	0	0	0	NULL	1
582	35	24	322	366		1663695518	0	0	1	1	1	0	0	1	NULL	0	0	0	NULL	1
583	35	24	323	366		1663695566	0	0	1	1	1	0	0	1	NULL	0	0	0	NULL	1
584	35	24	324	366		1663695618	0	0	1	1	1	0	0	1	NULL	0	0	0	NULL	1
585	35	24	325	366		1663695881	0	0	1	1	1	0	0	1	NULL	0	0	0	NULL	1
586	35	24	326	366		1663695935	0	0	1	1	1	0	0	1	NULL	0	0	0	NULL	1
587	35	24	327	366		1663695986	0	0	1	1	1	0	0	1	NULL	0	0	0	NULL	1
588	35	24	328	366		1663696036	0	0	1	1	1	0	0	1	NULL	0	0	0	NULL	1
589	31	9	87	147	NULL	1641682724	0	0	1	1	1	0	0	0	NULL	0	0	0	NULL	0
590	31	24	329	149		1663566462	0	0	1	1	1	0	0	2	NULL	1	0	0	NULL	0
591	31	11	86	149		1663588297	0	0	1	1	1	0	0	2	0	0	0	0	NULL	0
592	31	24	330	149		1663571076	0	0	1	1	1	0	0	1	NULL	0	0	0	NULL	0
593	31	24	331	149		1663571622	0	0	1	1	1	0	0	1	NULL	0	0	0	NULL	0
594	31	24	332	149		1663572862	0	0	1	1	1	0	0	1	NULL	0	0	0	NULL	0
595	31	24	333	149		1663573572	0	0	1	1	1	0	0	1	NULL	0	0	0	NULL	0
596	31	24	334	149		1663573625	0	0	1	1	1	0	0	1	NULL	0	0	0	NULL	0
597	31	24	335	149		1663573705	0	0	1	1	1	0	0	1	NULL	0	0	0	NULL	0
598	31	24	336	149		1663573862	0	0	1	1	1	0	0	1	NULL	0	0	0	NULL	0
599	31	24	337	149		1663574276	0	0	1	1	1	0	0	1	NULL	0	0	0	NULL	0
600	31	24	338	149		1663575168	0	0	1	1	1	0	0	1	NULL	0	0	0	NULL	0
601	31	24	339	149		1663577103	0	0	1	1	1	0	0	1	NULL	0	0	0	NULL	0
602	31	24	340	149		1663581206	0	0	1	1	1	0	0	1	NULL	0	0	0	NULL	0
603	31	24	341	149		1663588031	0	0	1	1	1	0	0	1	NULL	0	0	0	NULL	0
604	31	24	342	149		1663588109	0	0	1	1	1	0	0	1	NULL	0	0	0	NULL	0
605	31	24	343	149		1663588180	0	0	1	1	1	0	0	1	NULL	0	0	0	NULL	0
606	31	24	344	149		1663662373	0	0	1	1	1	0	0	1	NULL	0	0	0	NULL	0
607	31	24	345	149		1663662429	0	0	1	1	1	0	0	1	NULL	0	0	0	NULL	0
608	31	24	346	149		1663662995	0	0	1	1	1	0	0	1	NULL	0	0	0	NULL	0
609	31	24	347	149		1663663130	0	0	1	1	1	0	0	1	NULL	0	0	0	NULL	0
610	31	24	348	149		1663663177	0	0	1	1	1	0	0	1	NULL	0	0	0	NULL	0
611	31	24	349	149		1663663819	0	0	1	1	1	0	0	1	NULL	0	0	0	NULL	0
612	31	24	350	149		1663663820	0	0	1	1	1	0	0	1	NULL	0	0	0	NULL	0
613	31	24	351	149		1663664583	0	0	1	1	1	0	0	1	NULL	0	0	0	NULL	0
614	31	24	352	149		1663664638	0	0	1	1	1	0	0	1	NULL	0	0	0	NULL	0
615	31	24	353	149		1663664689	0	0	1	1	1	0	0	1	NULL	0	0	0	NULL	0
616	31	24	354	149		1663664832	0	0	1	1	1	0	0	1	NULL	0	0	0	NULL	0
617	31	24	355	149		1663664882	0	0	1	1	1	0	0	1	NULL	0	0	0	NULL	0
618	31	24	356	149		1663664933	0	0	1	1	1	0	0	1	NULL	0	0	0	NULL	0
619	31	24	357	149		1663664990	0	0	1	1	1	0	0	1	NULL	0	0	0	NULL	0
620	31	24	358	149		1663665045	0	0	1	1	1	0	0	1	NULL	0	0	0	NULL	0
621	31	24	359	149		1663665101	0	0	1	1	1	0	0	1	NULL	0	0	0	NULL	0
622	31	24	360	149		1663665155	0	0	1	1	1	0	0	1	NULL	0	0	0	NULL	0
623	31	24	361	149		1663665206	0	0	1	1	1	0	0	1	NULL	0	0	0	NULL	0
624	31	24	362	149		1663665374	0	0	1	1	1	0	0	1	NULL	0	0	0	NULL	0
625	31	24	363	149		1663665450	0	0	1	1	1	0	0	1	NULL	0	0	0	NULL	0
626	31	24	364	149		1663665499	0	0	1	1	1	0	0	1	NULL	0	0	0	NULL	0
627	31	24	365	149		1663665571	0	0	1	1	1	0	0	1	NULL	0	0	0	NULL	0
628	31	24	366	149		1663665618	0	0	1	1	1	0	0	1	NULL	0	0	0	NULL	0
629	31	24	367	149		1663665675	0	0	1	1	1	0	0	1	NULL	0	0	0	NULL	0
630	31	24	368	149		1663665718	0	0	1	1	1	0	0	1	NULL	0	0	0	NULL	0
631	31	24	369	150		1663691700	0	0	1	1	1	0	0	1	NULL	0	0	0	NULL	0
632	31	24	370	150		1663691768	0	0	1	1	1	0	0	1	NULL	0	0	0	NULL	0
633	31	24	371	150		1663691822	0	0	1	1	1	0	0	1	NULL	0	0	0	NULL	0
634	31	24	372	150		1663691863	0	0	1	1	1	0	0	1	NULL	0	0	0	NULL	0
635	31	24	373	150		1663691912	0	0	1	1	1	0	0	1	NULL	0	0	0	NULL	0
636	31	24	374	150		1663691958	0	0	1	1	1	0	0	1	NULL	0	0	0	NULL	0
637	31	24	375	150		1663692002	0	0	1	1	1	0	0	1	NULL	0	0	0	NULL	0
638	31	24	376	150		1663692635	0	0	1	1	1	0	0	1	NULL	0	0	0	NULL	0
639	31	24	377	150		1663692695	0	0	1	1	1	0	0	1	NULL	0	0	0	NULL	0
640	31	24	378	150		1663692739	0	0	1	1	1	0	0	1	NULL	0	0	0	NULL	0
641	31	24	379	150		1663692800	0	0	1	1	1	0	0	1	NULL	0	0	0	NULL	0
642	31	24	380	150		1663692840	0	0	1	1	1	0	0	1	NULL	0	0	0	NULL	0
643	31	24	381	150		1663692890	0	0	1	1	1	0	0	1	NULL	0	0	0	NULL	0
644	31	24	382	150		1663692941	0	0	1	1	1	0	0	1	NULL	0	0	0	NULL	0
645	31	24	383	150		1663692984	0	0	1	1	1	0	0	1	NULL	0	0	0	NULL	0
646	31	24	384	150		1663693031	0	0	1	1	1	0	0	1	NULL	0	0	0	NULL	0
647	31	24	385	150		1663693114	0	0	1	1	1	0	0	1	NULL	0	0	0	NULL	0
648	31	24	386	150		1663693170	0	0	1	1	1	0	0	1	NULL	0	0	0	NULL	0
649	31	24	387	150		1663693276	0	0	1	1	1	0	0	1	NULL	0	0	0	NULL	0
650	31	24	388	150		1663693346	0	0	1	1	1	0	0	1	NULL	0	0	0	NULL	0
651	31	24	389	150		1663693392	0	0	1	1	1	0	0	1	NULL	0	0	0	NULL	0
652	31	24	390	150		1663693441	0	0	1	1	1	0	0	1	NULL	0	0	0	NULL	0
653	31	24	391	150		1663693495	0	0	1	1	1	0	0	1	NULL	0	0	0	NULL	0
654	31	24	392	150		1663693559	0	0	1	1	1	0	0	1	NULL	0	0	0	NULL	0
655	31	24	393	150		1663693611	0	0	1	1	1	0	0	1	NULL	0	0	0	NULL	0
656	31	24	394	150		1663693660	0	0	1	1	1	0	0	1	NULL	0	0	0	NULL	0
657	31	24	395	150		1663693733	0	0	1	1	1	0	0	1	NULL	0	0	0	NULL	0
658	31	24	396	150		1663693786	0	0	1	1	1	0	0	1	NULL	0	0	0	NULL	0
659	31	24	397	150		1663693843	0	0	1	1	1	0	0	1	NULL	0	0	0	NULL	0
660	31	24	398	150		1663693904	0	0	1	1	1	0	0	1	NULL	0	0	0	NULL	0
661	31	24	399	150		1663693954	0	0	1	1	1	0	0	1	NULL	0	0	0	NULL	0
662	31	24	400	150		1663694011	0	0	1	1	1	0	0	1	NULL	0	0	0	NULL	0
663	31	24	401	150		1663694057	0	0	1	1	1	0	0	1	NULL	0	0	0	NULL	0
664	31	24	402	150		1663694102	0	0	1	1	1	0	0	1	NULL	0	0	0	NULL	0
665	31	24	403	150		1663694150	0	0	1	1	1	0	0	1	NULL	0	0	0	NULL	0
666	31	24	404	150		1663694197	0	0	1	1	1	0	0	1	NULL	0	0	0	NULL	0
667	31	24	405	150		1663694249	0	0	1	1	1	0	0	1	NULL	0	0	0	NULL	0
668	31	24	406	150		1663694558	0	0	1	1	1	0	0	1	NULL	0	0	0	NULL	0
669	31	24	407	150		1663694613	0	0	1	1	1	0	0	1	NULL	0	0	0	NULL	0
670	31	24	408	150		1663694658	0	0	1	1	1	0	0	1	NULL	0	0	0	NULL	0
671	31	24	409	150		1663694708	0	0	1	1	1	0	0	1	NULL	0	0	0	NULL	0
672	31	24	410	150		1663694755	0	0	1	1	1	0	0	1	NULL	0	0	0	NULL	0
673	31	24	411	150		1663694810	0	0	1	1	1	0	0	1	NULL	0	0	0	NULL	0
674	31	24	412	150		1663694854	0	0	1	1	1	0	0	1	NULL	0	0	0	NULL	0
675	31	24	413	150		1663694910	0	0	1	1	1	0	0	1	NULL	0	0	0	NULL	0
676	31	24	414	150		1663694956	0	0	1	1	1	0	0	1	NULL	0	0	0	NULL	0
677	31	24	415	150		1663695029	0	0	1	1	1	0	0	1	NULL	0	0	0	NULL	0
678	31	24	416	150		1663695069	0	0	1	1	1	0	0	1	NULL	0	0	0	NULL	0
679	31	24	417	150		1663695118	0	0	1	1	1	0	0	1	NULL	0	0	0	NULL	0
680	31	24	418	150		1663695171	0	0	1	1	1	0	0	1	NULL	0	0	0	NULL	0
681	31	24	419	150		1663695227	0	0	1	1	1	0	0	1	NULL	0	0	0	NULL	0
682	31	24	420	150		1663695228	0	0	1	1	1	0	0	1	NULL	0	0	0	NULL	0
683	31	24	421	150		1663695372	0	0	1	1	1	0	0	1	NULL	0	0	0	NULL	0
684	31	24	422	150		1663695419	0	0	1	1	1	0	0	1	NULL	0	0	0	NULL	0
685	31	24	423	150		1663695474	0	0	1	1	1	0	0	1	NULL	0	0	0	NULL	0
686	31	24	424	150		1663695518	0	0	1	1	1	0	0	1	NULL	0	0	0	NULL	0
687	31	24	425	150		1663695566	0	0	1	1	1	0	0	1	NULL	0	0	0	NULL	0
688	31	24	426	150		1663695618	0	0	1	1	1	0	0	1	NULL	0	0	0	NULL	0
689	31	24	427	150		1663695881	0	0	1	1	1	0	0	1	NULL	0	0	0	NULL	0
690	31	24	428	150		1663695935	0	0	1	1	1	0	0	1	NULL	0	0	0	NULL	0
691	31	24	429	150		1663695986	0	0	1	1	1	0	0	1	NULL	0	0	0	NULL	0
692	31	24	430	150		1663696036	0	0	1	1	1	0	0	1	NULL	0	0	0	NULL	0
693	33	24	431	159		1663566462	0	0	1	1	1	0	0	2	NULL	1	0	0	NULL	0
694	33	11	87	159		1663588297	0	0	1	1	1	0	0	2	0	0	0	0	NULL	0
695	33	24	432	159		1663571076	0	0	1	1	1	0	0	1	NULL	0	0	0	NULL	0
696	33	24	433	159		1663571622	0	0	1	1	1	0	0	1	NULL	0	0	0	NULL	0
697	33	24	434	159		1663572862	0	0	1	1	1	0	0	1	NULL	0	0	0	NULL	0
698	33	24	435	159		1663573572	0	0	1	1	1	0	0	1	NULL	0	0	0	NULL	0
699	33	24	436	159		1663573625	0	0	1	1	1	0	0	1	NULL	0	0	0	NULL	0
700	33	24	437	159		1663573705	0	0	1	1	1	0	0	1	NULL	0	0	0	NULL	0
701	33	24	438	159		1663573862	0	0	1	1	1	0	0	1	NULL	0	0	0	NULL	0
702	33	24	439	159		1663574276	0	0	1	1	1	0	0	1	NULL	0	0	0	NULL	0
703	33	24	440	159		1663575168	0	0	1	1	1	0	0	1	NULL	0	0	0	NULL	0
704	33	24	441	159		1663577103	0	0	1	1	1	0	0	1	NULL	0	0	0	NULL	0
705	33	24	442	159		1663581206	0	0	1	1	1	0	0	1	NULL	0	0	0	NULL	0
706	33	24	443	159		1663588031	0	0	1	1	1	0	0	1	NULL	0	0	0	NULL	0
707	33	24	444	159		1663588109	0	0	1	1	1	0	0	1	NULL	0	0	0	NULL	0
708	33	24	445	159		1663588180	0	0	1	1	1	0	0	1	NULL	0	0	0	NULL	0
709	33	24	446	159		1663662373	0	0	1	1	1	0	0	1	NULL	0	0	0	NULL	0
710	33	24	447	159		1663662429	0	0	1	1	1	0	0	1	NULL	0	0	0	NULL	0
711	33	24	448	159		1663662995	0	0	1	1	1	0	0	1	NULL	0	0	0	NULL	0
712	33	24	449	159		1663663130	0	0	1	1	1	0	0	1	NULL	0	0	0	NULL	0
713	33	24	450	159		1663663177	0	0	1	1	1	0	0	1	NULL	0	0	0	NULL	0
714	33	24	451	159		1663663819	0	0	1	1	1	0	0	1	NULL	0	0	0	NULL	0
715	33	24	452	159		1663663820	0	0	1	1	1	0	0	1	NULL	0	0	0	NULL	0
716	33	24	453	159		1663664583	0	0	1	1	1	0	0	1	NULL	0	0	0	NULL	0
717	33	24	454	159		1663664638	0	0	1	1	1	0	0	1	NULL	0	0	0	NULL	0
718	33	24	455	159		1663664689	0	0	1	1	1	0	0	1	NULL	0	0	0	NULL	0
719	33	24	456	159		1663664832	0	0	1	1	1	0	0	1	NULL	0	0	0	NULL	0
720	33	24	457	159		1663664882	0	0	1	1	1	0	0	1	NULL	0	0	0	NULL	0
721	33	24	458	159		1663664933	0	0	1	1	1	0	0	1	NULL	0	0	0	NULL	0
722	33	24	459	159		1663664990	0	0	1	1	1	0	0	1	NULL	0	0	0	NULL	0
723	33	24	460	159		1663665045	0	0	1	1	1	0	0	1	NULL	0	0	0	NULL	0
724	33	24	461	159		1663665101	0	0	1	1	1	0	0	1	NULL	0	0	0	NULL	0
725	33	24	462	159		1663665155	0	0	1	1	1	0	0	1	NULL	0	0	0	NULL	0
726	33	24	463	159		1663665206	0	0	1	1	1	0	0	1	NULL	0	0	0	NULL	0
727	33	24	464	159		1663665374	0	0	1	1	1	0	0	1	NULL	0	0	0	NULL	0
728	33	24	465	159		1663665450	0	0	1	1	1	0	0	1	NULL	0	0	0	NULL	0
729	33	24	466	159		1663665499	0	0	1	1	1	0	0	1	NULL	0	0	0	NULL	0
730	33	24	467	159		1663665571	0	0	1	1	1	0	0	1	NULL	0	0	0	NULL	0
731	33	24	468	159		1663665618	0	0	1	1	1	0	0	1	NULL	0	0	0	NULL	0
732	33	24	469	159		1663665675	0	0	1	1	1	0	0	1	NULL	0	0	0	NULL	0
733	33	24	470	159		1663665718	0	0	1	1	1	0	0	1	NULL	0	0	0	NULL	0
734	33	24	471	160		1663691700	0	0	1	1	1	0	0	1	NULL	0	0	0	NULL	0
735	33	24	472	160		1663691768	0	0	1	1	1	0	0	1	NULL	0	0	0	NULL	0
736	33	24	473	160		1663691822	0	0	1	1	1	0	0	1	NULL	0	0	0	NULL	0
737	33	24	474	160		1663691863	0	0	1	1	1	0	0	1	NULL	0	0	0	NULL	0
738	33	24	475	160		1663691912	0	0	1	1	1	0	0	1	NULL	0	0	0	NULL	0
739	33	24	476	160		1663691958	0	0	1	1	1	0	0	1	NULL	0	0	0	NULL	0
740	33	24	477	160		1663692002	0	0	1	1	1	0	0	1	NULL	0	0	0	NULL	0
741	33	24	478	160		1663692635	0	0	1	1	1	0	0	1	NULL	0	0	0	NULL	0
742	33	24	479	160		1663692695	0	0	1	1	1	0	0	1	NULL	0	0	0	NULL	0
743	33	24	480	160		1663692739	0	0	1	1	1	0	0	1	NULL	0	0	0	NULL	0
744	33	24	481	160		1663692800	0	0	1	1	1	0	0	1	NULL	0	0	0	NULL	0
745	33	24	482	160		1663692840	0	0	1	1	1	0	0	1	NULL	0	0	0	NULL	0
746	33	24	483	160		1663692890	0	0	1	1	1	0	0	1	NULL	0	0	0	NULL	0
747	33	24	484	160		1663692941	0	0	1	1	1	0	0	1	NULL	0	0	0	NULL	0
748	33	24	485	160		1663692984	0	0	1	1	1	0	0	1	NULL	0	0	0	NULL	0
749	33	24	486	160		1663693031	0	0	1	1	1	0	0	1	NULL	0	0	0	NULL	0
750	33	24	487	160		1663693114	0	0	1	1	1	0	0	1	NULL	0	0	0	NULL	0
751	33	24	488	160		1663693170	0	0	1	1	1	0	0	1	NULL	0	0	0	NULL	0
752	33	24	489	160		1663693276	0	0	1	1	1	0	0	1	NULL	0	0	0	NULL	0
753	33	24	490	160		1663693346	0	0	1	1	1	0	0	1	NULL	0	0	0	NULL	0
754	33	24	491	160		1663693392	0	0	1	1	1	0	0	1	NULL	0	0	0	NULL	0
755	33	24	492	160		1663693441	0	0	1	1	1	0	0	1	NULL	0	0	0	NULL	0
756	33	24	493	160		1663693495	0	0	1	1	1	0	0	1	NULL	0	0	0	NULL	0
757	33	24	494	160		1663693559	0	0	1	1	1	0	0	1	NULL	0	0	0	NULL	0
758	33	24	495	160		1663693611	0	0	1	1	1	0	0	1	NULL	0	0	0	NULL	0
759	33	24	496	160		1663693660	0	0	1	1	1	0	0	1	NULL	0	0	0	NULL	0
760	33	24	497	160		1663693733	0	0	1	1	1	0	0	1	NULL	0	0	0	NULL	0
761	33	24	498	160		1663693786	0	0	1	1	1	0	0	1	NULL	0	0	0	NULL	0
762	33	24	499	160		1663693843	0	0	1	1	1	0	0	1	NULL	0	0	0	NULL	0
763	33	24	500	160		1663693904	0	0	1	1	1	0	0	1	NULL	0	0	0	NULL	0
764	33	24	501	160		1663693954	0	0	1	1	1	0	0	1	NULL	0	0	0	NULL	0
765	33	24	502	160		1663694011	0	0	1	1	1	0	0	1	NULL	0	0	0	NULL	0
766	33	24	503	160		1663694057	0	0	1	1	1	0	0	1	NULL	0	0	0	NULL	0
767	33	24	504	160		1663694102	0	0	1	1	1	0	0	1	NULL	0	0	0	NULL	0
768	33	24	505	160		1663694150	0	0	1	1	1	0	0	1	NULL	0	0	0	NULL	0
769	33	24	506	160		1663694197	0	0	1	1	1	0	0	1	NULL	0	0	0	NULL	0
770	33	24	507	160		1663694249	0	0	1	1	1	0	0	1	NULL	0	0	0	NULL	0
771	33	24	508	160		1663694558	0	0	1	1	1	0	0	1	NULL	0	0	0	NULL	0
772	33	24	509	160		1663694613	0	0	1	1	1	0	0	1	NULL	0	0	0	NULL	0
773	33	24	510	160		1663694658	0	0	1	1	1	0	0	1	NULL	0	0	0	NULL	0
774	33	24	511	160		1663694708	0	0	1	1	1	0	0	1	NULL	0	0	0	NULL	0
775	33	24	512	160		1663694755	0	0	1	1	1	0	0	1	NULL	0	0	0	NULL	0
776	33	24	513	160		1663694810	0	0	1	1	1	0	0	1	NULL	0	0	0	NULL	0
777	33	24	514	160		1663694854	0	0	1	1	1	0	0	1	NULL	0	0	0	NULL	0
778	33	24	515	160		1663694910	0	0	1	1	1	0	0	1	NULL	0	0	0	NULL	0
779	33	24	516	160		1663694956	0	0	1	1	1	0	0	1	NULL	0	0	0	NULL	0
780	33	24	517	160		1663695029	0	0	1	1	1	0	0	1	NULL	0	0	0	NULL	0
781	33	24	518	160		1663695069	0	0	1	1	1	0	0	1	NULL	0	0	0	NULL	0
782	33	24	519	160		1663695118	0	0	1	1	1	0	0	1	NULL	0	0	0	NULL	0
783	33	24	520	160		1663695171	0	0	1	1	1	0	0	1	NULL	0	0	0	NULL	0
784	33	24	521	160		1663695227	0	0	1	1	1	0	0	1	NULL	0	0	0	NULL	0
785	33	24	522	160		1663695228	0	0	1	1	1	0	0	1	NULL	0	0	0	NULL	0
786	33	24	523	160		1663695372	0	0	1	1	1	0	0	1	NULL	0	0	0	NULL	0
787	33	24	524	160		1663695419	0	0	1	1	1	0	0	1	NULL	0	0	0	NULL	0
788	33	24	525	160		1663695474	0	0	1	1	1	0	0	1	NULL	0	0	0	NULL	0
789	33	24	526	160		1663695518	0	0	1	1	1	0	0	1	NULL	0	0	0	NULL	0
790	33	24	527	160		1663695566	0	0	1	1	1	0	0	1	NULL	0	0	0	NULL	0
791	33	24	528	160		1663695618	0	0	1	1	1	0	0	1	NULL	0	0	0	NULL	0
792	33	24	529	160		1663695881	0	0	1	1	1	0	0	1	NULL	0	0	0	NULL	0
793	33	24	530	160		1663695935	0	0	1	1	1	0	0	1	NULL	0	0	0	NULL	0
794	33	24	531	160		1663695986	0	0	1	1	1	0	0	1	NULL	0	0	0	NULL	0
795	33	24	532	160		1663696036	0	0	1	1	1	0	0	1	NULL	0	0	0	NULL	0
796	30	24	533	144		1663834230	0	0	1	1	1	0	0	1	NULL	0	0	0	NULL	0
797	30	24	534	144		1663834273	0	0	1	1	1	0	0	1	NULL	0	0	0	NULL	0
798	30	24	535	144		1663834315	0	0	1	1	1	0	0	1	NULL	0	0	0	NULL	0
799	30	24	536	144		1663834355	0	0	1	1	1	0	0	1	NULL	0	0	0	NULL	0
800	30	24	537	144		1663834399	0	0	1	1	1	0	0	1	NULL	0	0	0	NULL	0
801	30	24	538	144		1663834441	0	0	1	1	1	0	0	1	NULL	0	0	0	NULL	0
802	30	24	539	144		1663834488	0	0	1	1	1	0	0	1	NULL	0	0	0	NULL	0
803	30	24	540	144		1663834536	0	0	1	1	1	0	0	1	NULL	0	0	0	NULL	0
804	30	24	541	144		1663834581	0	0	1	1	1	0	0	1	NULL	0	0	0	NULL	0
805	30	24	542	144		1663834626	0	0	1	1	1	0	0	1	NULL	0	0	0	NULL	0
806	30	24	543	144		1663834670	0	0	1	1	1	0	0	1	NULL	0	0	0	NULL	0
807	30	24	544	144		1663834718	0	0	1	1	1	0	0	1	NULL	0	0	0	NULL	0
808	30	24	545	144		1663834761	0	0	1	1	1	0	0	1	NULL	0	0	0	NULL	0
809	30	24	546	144		1663834806	0	0	1	1	1	0	0	1	NULL	0	0	0	NULL	0
810	30	24	547	144		1663834851	0	0	1	1	1	0	0	1	NULL	0	0	0	NULL	0
811	30	24	548	144		1663834909	0	0	1	1	1	0	0	1	NULL	0	0	0	NULL	0
812	30	24	549	144		1663834963	0	0	1	1	1	0	0	1	NULL	0	0	0	NULL	0
813	30	24	550	144		1663835250	0	0	1	1	1	0	0	1	NULL	0	0	0	NULL	0
814	30	24	551	144		1663835296	0	0	1	1	1	0	0	1	NULL	0	0	0	NULL	0
815	30	24	552	144		1663835729	0	0	1	1	1	0	0	1	NULL	0	0	0	NULL	0
816	30	24	553	144		1663835934	0	0	1	1	1	0	0	1	NULL	0	0	0	NULL	0
817	30	24	554	144		1663835988	0	0	1	1	1	0	0	1	NULL	0	0	0	NULL	0
818	30	24	555	144		1663837254	0	0	1	1	1	0	0	1	NULL	0	0	0	NULL	0
819	30	24	556	144		1663837306	0	0	1	1	1	0	0	1	NULL	0	0	0	NULL	0
820	30	24	557	144		1663837558	0	0	1	1	1	0	0	1	NULL	0	0	0	NULL	0
821	30	24	558	144		1663846544	0	0	1	1	1	0	0	1	NULL	0	0	0	NULL	0
822	30	24	559	144		1663846584	0	0	1	1	1	0	0	1	NULL	0	0	0	NULL	0
823	30	24	560	144		1663846634	0	0	1	1	1	0	0	1	NULL	0	0	0	NULL	0
824	30	24	561	144		1663846678	0	0	1	1	1	0	0	1	NULL	0	0	0	NULL	0
825	30	24	562	144		1663846741	0	0	1	1	1	0	0	1	NULL	0	0	0	NULL	0
826	30	24	563	144		1663846784	0	0	1	1	1	0	0	1	NULL	0	0	0	NULL	0
827	30	24	564	144		1663846826	0	0	1	1	1	0	0	1	NULL	0	0	0	NULL	0
828	30	24	565	144		1663846870	0	0	1	1	1	0	0	1	NULL	0	0	0	NULL	0
829	30	24	566	144		1663846920	0	0	1	1	1	0	0	1	NULL	0	0	0	NULL	0
830	30	24	567	145		1663894785	0	0	1	1	1	0	0	1	NULL	0	0	0	NULL	0
831	30	24	568	145		1663894867	0	0	1	1	1	0	0	1	NULL	0	0	0	NULL	0
832	30	24	569	145		1663894915	0	0	1	1	1	0	0	1	NULL	0	0	0	NULL	0
833	30	24	570	145		1663894986	0	0	1	1	1	0	0	1	NULL	0	0	0	NULL	0
834	30	24	571	145		1663895056	0	0	1	1	1	0	0	1	NULL	0	0	0	NULL	0
835	30	24	572	145		1663895187	0	0	1	1	1	0	0	1	NULL	0	0	0	NULL	0
836	30	24	573	145		1663895238	0	0	1	1	1	0	0	1	NULL	0	0	0	NULL	0
837	30	24	574	145		1663895285	0	0	1	1	1	0	0	1	NULL	0	0	0	NULL	0
838	30	24	575	145		1663895336	0	0	1	1	1	0	0	1	NULL	0	0	0	NULL	0
839	30	24	576	145		1663895390	0	0	1	1	1	0	0	1	NULL	0	0	0	NULL	0
840	30	24	577	145		1663895436	0	0	1	1	1	0	0	1	NULL	0	0	0	NULL	0
841	30	24	578	145		1663895487	0	0	1	1	1	0	0	1	NULL	0	0	0	NULL	0
842	30	24	579	145		1663895538	0	0	1	1	1	0	0	1	NULL	0	0	0	NULL	0
843	30	24	580	145		1663895583	0	0	1	1	1	0	0	1	NULL	0	0	0	NULL	0
844	30	24	581	145		1663895634	0	0	1	1	1	0	0	1	NULL	0	0	0	NULL	0
845	30	24	582	145		1663895677	0	0	1	1	1	0	0	1	NULL	0	0	0	NULL	0
846	30	24	583	145		1663895729	0	0	1	1	1	0	0	1	NULL	0	0	0	NULL	0
847	30	24	584	145		1663895780	0	0	1	1	1	0	0	1	NULL	0	0	0	NULL	0
848	30	24	585	145		1663895827	0	0	1	1	1	0	0	1	NULL	0	0	0	NULL	0
849	30	24	586	145		1663895882	0	0	1	1	1	0	0	1	NULL	0	0	0	NULL	0
850	30	24	587	145		1663895928	0	0	1	1	1	0	0	1	NULL	0	0	0	NULL	0
851	30	24	588	145		1663895983	0	0	1	1	1	0	0	1	NULL	0	0	0	NULL	0
852	30	24	589	145		1663896037	0	0	1	1	1	0	0	1	NULL	0	0	0	NULL	0
853	30	24	590	145		1663896096	0	0	1	1	1	0	0	1	NULL	0	0	0	NULL	0
854	30	24	591	145		1663897993	0	0	1	1	1	0	0	1	NULL	0	0	0	NULL	0
855	30	24	592	145		1663898038	0	0	1	1	1	0	0	1	NULL	0	0	0	NULL	0
856	30	24	593	145		1663898080	0	0	1	1	1	0	0	1	NULL	0	0	0	NULL	0
857	30	24	594	145		1663898124	0	0	1	1	1	0	0	1	NULL	0	0	0	NULL	0
858	30	24	595	145		1663898294	0	0	1	1	1	0	0	1	NULL	0	0	0	NULL	0
859	30	24	596	145		1663898338	0	0	1	1	1	0	0	1	NULL	0	0	0	NULL	0
860	30	24	597	145		1663898383	0	0	1	1	1	0	0	1	NULL	0	0	0	NULL	0
861	30	24	598	145		1663898385	0	0	1	1	1	0	0	1	NULL	0	0	0	NULL	0
862	30	24	599	145		1663898502	0	0	1	1	1	0	0	1	NULL	0	0	0	NULL	0
863	30	24	600	145		1663898550	0	0	1	1	1	0	0	1	NULL	0	0	0	NULL	0
864	30	24	601	145		1663898595	0	0	1	1	1	0	0	1	NULL	0	0	0	NULL	0
865	30	24	602	145		1663898642	0	0	1	1	1	0	0	1	NULL	0	0	0	NULL	0
866	30	24	603	145		1663898708	0	0	1	1	1	0	0	1	NULL	0	0	0	NULL	0
867	32	24	604	154		1663834230	0	0	1	1	1	0	0	1	NULL	0	0	0	NULL	0
868	32	24	605	154		1663834273	0	0	1	1	1	0	0	1	NULL	0	0	0	NULL	0
869	32	24	606	154		1663834315	0	0	1	1	1	0	0	1	NULL	0	0	0	NULL	0
870	32	24	607	154		1663834355	0	0	1	1	1	0	0	1	NULL	0	0	0	NULL	0
871	32	24	608	154		1663834399	0	0	1	1	1	0	0	1	NULL	0	0	0	NULL	0
872	32	24	609	154		1663834441	0	0	1	1	1	0	0	1	NULL	0	0	0	NULL	0
873	32	24	610	154		1663834488	0	0	1	1	1	0	0	1	NULL	0	0	0	NULL	0
874	32	24	611	154		1663834536	0	0	1	1	1	0	0	1	NULL	0	0	0	NULL	0
875	32	24	612	154		1663834581	0	0	1	1	1	0	0	1	NULL	0	0	0	NULL	0
876	32	24	613	154		1663834626	0	0	1	1	1	0	0	1	NULL	0	0	0	NULL	0
877	32	24	614	154		1663834670	0	0	1	1	1	0	0	1	NULL	0	0	0	NULL	0
878	32	24	615	154		1663834718	0	0	1	1	1	0	0	1	NULL	0	0	0	NULL	0
879	32	24	616	154		1663834761	0	0	1	1	1	0	0	1	NULL	0	0	0	NULL	0
880	32	24	617	154		1663834806	0	0	1	1	1	0	0	1	NULL	0	0	0	NULL	0
881	32	24	618	154		1663834851	0	0	1	1	1	0	0	1	NULL	0	0	0	NULL	0
882	32	24	619	154		1663834909	0	0	1	1	1	0	0	1	NULL	0	0	0	NULL	0
883	32	24	620	154		1663834963	0	0	1	1	1	0	0	1	NULL	0	0	0	NULL	0
884	32	24	621	154		1663835250	0	0	1	1	1	0	0	1	NULL	0	0	0	NULL	0
885	32	24	622	154		1663835296	0	0	1	1	1	0	0	1	NULL	0	0	0	NULL	0
886	32	24	623	154		1663835729	0	0	1	1	1	0	0	1	NULL	0	0	0	NULL	0
887	32	24	624	154		1663835934	0	0	1	1	1	0	0	1	NULL	0	0	0	NULL	0
888	32	24	625	154		1663835988	0	0	1	1	1	0	0	1	NULL	0	0	0	NULL	0
889	32	24	626	154		1663837254	0	0	1	1	1	0	0	1	NULL	0	0	0	NULL	0
890	32	24	627	154		1663837306	0	0	1	1	1	0	0	1	NULL	0	0	0	NULL	0
891	32	24	628	154		1663837558	0	0	1	1	1	0	0	1	NULL	0	0	0	NULL	0
892	32	24	629	154		1663846544	0	0	1	1	1	0	0	1	NULL	0	0	0	NULL	0
893	32	24	630	154		1663846584	0	0	1	1	1	0	0	1	NULL	0	0	0	NULL	0
894	32	24	631	154		1663846634	0	0	1	1	1	0	0	1	NULL	0	0	0	NULL	0
895	32	24	632	154		1663846678	0	0	1	1	1	0	0	1	NULL	0	0	0	NULL	0
896	32	24	633	154		1663846741	0	0	1	1	1	0	0	1	NULL	0	0	0	NULL	0
897	32	24	634	154		1663846784	0	0	1	1	1	0	0	1	NULL	0	0	0	NULL	0
898	32	24	635	154		1663846826	0	0	1	1	1	0	0	1	NULL	0	0	0	NULL	0
899	32	24	636	154		1663846870	0	0	1	1	1	0	0	1	NULL	0	0	0	NULL	0
900	32	24	637	154		1663846920	0	0	1	1	1	0	0	1	NULL	0	0	0	NULL	0
901	32	24	638	155		1663894785	0	0	1	1	1	0	0	1	NULL	0	0	0	NULL	0
902	32	24	639	155		1663894867	0	0	1	1	1	0	0	1	NULL	0	0	0	NULL	0
903	32	24	640	155		1663894915	0	0	1	1	1	0	0	1	NULL	0	0	0	NULL	0
904	32	24	641	155		1663894986	0	0	1	1	1	0	0	1	NULL	0	0	0	NULL	0
905	32	24	642	155		1663895056	0	0	1	1	1	0	0	1	NULL	0	0	0	NULL	0
906	32	24	643	155		1663895187	0	0	1	1	1	0	0	1	NULL	0	0	0	NULL	0
907	32	24	644	155		1663895238	0	0	1	1	1	0	0	1	NULL	0	0	0	NULL	0
908	32	24	645	155		1663895285	0	0	1	1	1	0	0	1	NULL	0	0	0	NULL	0
909	32	24	646	155		1663895336	0	0	1	1	1	0	0	1	NULL	0	0	0	NULL	0
910	32	24	647	155		1663895390	0	0	1	1	1	0	0	1	NULL	0	0	0	NULL	0
911	32	24	648	155		1663895436	0	0	1	1	1	0	0	1	NULL	0	0	0	NULL	0
912	32	24	649	155		1663895487	0	0	1	1	1	0	0	1	NULL	0	0	0	NULL	0
913	32	24	650	155		1663895538	0	0	1	1	1	0	0	1	NULL	0	0	0	NULL	0
914	32	24	651	155		1663895583	0	0	1	1	1	0	0	1	NULL	0	0	0	NULL	0
915	32	24	652	155		1663895634	0	0	1	1	1	0	0	1	NULL	0	0	0	NULL	0
916	32	24	653	155		1663895677	0	0	1	1	1	0	0	1	NULL	0	0	0	NULL	0
917	32	24	654	155		1663895729	0	0	1	1	1	0	0	1	NULL	0	0	0	NULL	0
918	32	24	655	155		1663895780	0	0	1	1	1	0	0	1	NULL	0	0	0	NULL	0
919	32	24	656	155		1663895827	0	0	1	1	1	0	0	1	NULL	0	0	0	NULL	0
920	32	24	657	155		1663895882	0	0	1	1	1	0	0	1	NULL	0	0	0	NULL	0
921	32	24	658	155		1663895928	0	0	1	1	1	0	0	1	NULL	0	0	0	NULL	0
922	32	24	659	155		1663895983	0	0	1	1	1	0	0	1	NULL	0	0	0	NULL	0
923	32	24	660	155		1663896037	0	0	1	1	1	0	0	1	NULL	0	0	0	NULL	0
924	32	24	661	155		1663896096	0	0	1	1	1	0	0	1	NULL	0	0	0	NULL	0
925	32	24	662	155		1663897993	0	0	1	1	1	0	0	1	NULL	0	0	0	NULL	0
926	32	24	663	155		1663898038	0	0	1	1	1	0	0	1	NULL	0	0	0	NULL	0
927	32	24	664	155		1663898080	0	0	1	1	1	0	0	1	NULL	0	0	0	NULL	0
928	32	24	665	155		1663898124	0	0	1	1	1	0	0	1	NULL	0	0	0	NULL	0
929	32	24	666	155		1663898294	0	0	1	1	1	0	0	1	NULL	0	0	0	NULL	0
930	32	24	667	155		1663898338	0	0	1	1	1	0	0	1	NULL	0	0	0	NULL	0
931	32	24	668	155		1663898383	0	0	1	1	1	0	0	1	NULL	0	0	0	NULL	0
932	32	24	669	155		1663898385	0	0	1	1	1	0	0	1	NULL	0	0	0	NULL	0
933	32	24	670	155		1663898502	0	0	1	1	1	0	0	1	NULL	0	0	0	NULL	0
934	32	24	671	155		1663898550	0	0	1	1	1	0	0	1	NULL	0	0	0	NULL	0
935	32	24	672	155		1663898595	0	0	1	1	1	0	0	1	NULL	0	0	0	NULL	0
936	32	24	673	155		1663898642	0	0	1	1	1	0	0	1	NULL	0	0	0	NULL	0
937	32	24	674	155		1663898708	0	0	1	1	1	0	0	1	NULL	0	0	0	NULL	0
938	87	9	88	441	NULL	1665824591	0	0	1	1	1	0	0	0	NULL	0	0	0	NULL	0
939	88	9	89	446	NULL	1665824648	0	0	1	1	1	0	0	0	NULL	0	0	0	NULL	0
940	87	18	83	442		1665825241	0	0	1	1	1	0	0	1	NULL	0	0	0	NULL	1
941	87	18	84	443		1665825492	0	0	1	1	1	0	0	1	NULL	0	0	0	NULL	1
942	88	18	85	447		1665827139	0	0	1	1	1	0	0	1	NULL	0	0	0	NULL	0
943	88	18	86	448		1665827489	0	0	1	1	1	0	0	1	NULL	0	0	0	NULL	0
944	87	18	87	442		1665827825	0	0	1	1	1	0	0	1	NULL	0	0	0	NULL	0
945	87	18	88	443		1665828092	0	0	1	1	1	0	0	1	NULL	0	0	0	NULL	0
