id	coursemoduleid	userid	completionstate	viewed	overrideby	timemodified
1	35	4	1	0	NULL	1641465316
2	36	4	1	0	NULL	1642676481
3	48	2	1	0	NULL	1644581225
6	173	91	1	0	NULL	1649486858
7	193	91	1	0	NULL	1649486882
8	84	91	1	0	NULL	1650265491
9	189	29272	1	0	NULL	1651759462
10	189	29578	1	0	NULL	1651821204
11	189	29700	1	0	NULL	1651827810
12	189	29874	0	0	NULL	1651832387
13	189	29839	1	0	NULL	1651834656
14	189	29931	0	0	NULL	1651837511
15	189	29633	1	0	NULL	1651838565
16	189	30056	1	0	NULL	1651839082
17	189	30066	1	0	NULL	1651840850
18	189	30117	0	0	NULL	1651841388
19	189	30257	1	0	NULL	1651844846
20	189	29435	0	0	NULL	1651846270
21	189	30438	1	0	NULL	1651847506
22	189	30530	1	0	NULL	1651848870
23	189	29677	1	0	NULL	1651851062
24	189	30782	0	0	NULL	1651851717
25	189	30858	1	0	NULL	1651853025
26	189	30202	1	0	NULL	1651853099
27	189	30916	1	0	NULL	1651854210
28	189	31093	1	0	NULL	1651882754
29	189	31160	1	0	NULL	1651893908
30	189	31330	1	0	NULL	1651901137
31	189	31313	0	0	NULL	1651901684
32	189	30449	1	0	NULL	1651905868
33	189	31578	1	0	NULL	1651913235
34	189	30973	1	0	NULL	1651921944
35	189	32263	1	0	NULL	1651936529
36	189	31096	0	0	NULL	1651979855
37	189	32076	1	0	NULL	1651980913
38	189	30034	1	0	NULL	1651982852
39	189	31687	1	0	NULL	1651995447
40	189	32473	0	0	NULL	1652000009
41	189	32704	0	0	NULL	1652001028
42	189	32731	1	0	NULL	1652002014
43	189	32658	1	0	NULL	1652002396
44	189	32798	1	0	NULL	1652008635
45	189	32225	0	0	NULL	1658926799
46	189	32857	1	0	NULL	1652012748
47	189	32920	1	0	NULL	1652017682
48	189	32937	1	0	NULL	1652018074
49	189	32940	1	0	NULL	1652018668
50	189	32981	1	0	NULL	1652019081
51	189	33064	1	0	NULL	1652023930
52	189	33152	1	0	NULL	1652027614
53	189	33370	1	0	NULL	1652069562
54	189	33367	1	0	NULL	1652069496
55	189	33372	0	0	NULL	1652069759
56	189	33396	1	0	NULL	1652069758
57	189	33507	0	0	NULL	1652082356
58	189	33504	1	0	NULL	1652082466
59	189	33510	1	0	NULL	1652083233
60	189	33526	1	0	NULL	1652085757
61	189	11703	1	0	NULL	1652094661
62	189	33574	1	0	NULL	1652094737
63	189	31384	0	0	NULL	1654691116
64	189	33662	1	0	NULL	1652106599
65	189	32203	1	0	NULL	1652112910
66	189	33805	1	0	NULL	1652165807
67	189	34493	0	0	NULL	1652428959
68	189	32286	0	0	NULL	1652321315
69	189	32429	0	0	NULL	1652339545
70	189	32520	1	0	NULL	1658585111
71	189	34882	1	0	NULL	1652368928
72	189	34894	1	0	NULL	1652371593
73	189	31314	0	0	NULL	1652419298
74	189	34915	1	0	NULL	1652419790
75	189	34883	0	0	NULL	1655437781
76	189	32013	1	0	NULL	1652447616
77	189	33544	1	0	NULL	1652456086
78	189	35315	1	0	NULL	1652510905
79	189	35330	1	0	NULL	1652512911
80	189	35328	1	0	NULL	1652513731
81	189	34848	1	0	NULL	1652518975
82	189	35378	1	0	NULL	1652521531
83	189	34976	1	0	NULL	1654402401
84	189	33440	1	0	NULL	1652590867
85	189	35261	1	0	NULL	1652592527
86	189	29277	1	0	NULL	1652613228
87	189	35526	1	0	NULL	1652623547
88	189	35666	0	0	NULL	1652683518
89	189	35576	1	0	NULL	1652722901
90	189	32487	1	0	NULL	1652714631
91	189	29757	1	0	NULL	1653377066
92	189	34603	1	0	NULL	1652753716
93	189	35739	1	0	NULL	1652754068
94	189	30494	1	0	NULL	1652761370
95	189	33629	1	0	NULL	1652764230
96	189	35770	1	0	NULL	1652764855
97	189	35733	1	0	NULL	1652786274
98	189	32260	1	0	NULL	1652795767
99	189	34570	0	0	NULL	1652802691
100	189	35838	1	0	NULL	1652802869
101	189	35693	1	0	NULL	1652814425
102	189	33555	1	0	NULL	1652861534
103	189	35848	1	0	NULL	1652875746
104	189	35932	1	0	NULL	1652878906
105	189	34840	0	0	NULL	1652884123
106	189	35905	1	0	NULL	1652896674
107	193	1443	1	0	NULL	1652967372
108	173	1443	1	0	NULL	1652967375
109	193	35598	1	0	NULL	1652967408
110	173	35598	1	0	NULL	1652967411
111	29	1443	1	0	NULL	1652967539
112	29	35598	1	0	NULL	1652967496
113	30	35598	1	0	NULL	1652967522
114	31	35598	1	0	NULL	1652967523
115	32	35598	1	0	NULL	1652967524
116	33	35598	1	0	NULL	1652967525
117	69	35598	1	0	NULL	1652967526
118	70	35598	1	0	NULL	1652967527
119	71	35598	1	0	NULL	1652967527
120	75	35598	1	0	NULL	1652967531
121	51	35598	1	0	NULL	1652967531
122	74	35598	1	0	NULL	1652967531
123	73	35598	1	0	NULL	1652967532
124	72	35598	1	0	NULL	1652967533
125	50	35598	1	0	NULL	1652967533
126	30	1443	1	0	NULL	1652967539
127	31	1443	1	0	NULL	1652967539
128	79	35598	1	0	NULL	1652967540
129	78	35598	1	0	NULL	1652967540
130	52	35598	1	0	NULL	1652967541
131	32	1443	1	0	NULL	1652967541
132	77	35598	1	0	NULL	1652967541
133	76	35598	1	0	NULL	1652967541
134	33	1443	1	0	NULL	1652967542
135	69	1443	1	0	NULL	1652967542
136	70	1443	1	0	NULL	1652967544
137	71	1443	1	0	NULL	1652967552
138	50	1443	1	0	NULL	1652967552
139	72	1443	1	0	NULL	1652967555
140	73	1443	1	0	NULL	1652967555
141	74	1443	1	0	NULL	1652967556
142	51	1443	1	0	NULL	1652967562
143	75	1443	1	0	NULL	1652967563
144	76	1443	1	0	NULL	1652967564
145	77	1443	1	0	NULL	1652967565
146	53	35598	1	0	NULL	1652967565
147	52	1443	1	0	NULL	1652967566
148	78	1443	1	0	NULL	1652967566
149	53	1443	1	0	NULL	1652967568
150	79	1443	1	0	NULL	1652967573
151	189	1443	1	0	NULL	1652968246
152	189	35598	1	0	NULL	1652968390
153	189	30757	1	0	NULL	1652973660
154	189	35798	0	0	NULL	1653730161
155	189	36031	1	0	NULL	1653052528
156	189	36058	1	0	NULL	1653053938
157	173	15479	1	0	NULL	1653055313
158	189	35304	0	0	NULL	1653058896
159	189	36052	0	0	NULL	1653102245
160	189	36161	1	0	NULL	1653120871
161	189	36150	1	0	NULL	1653124862
162	189	30534	1	0	NULL	1655370104
163	173	361	1	0	NULL	1653134971
164	189	36268	1	0	NULL	1653136245
165	189	36373	1	0	NULL	1653215845
166	29	11208	1	0	NULL	1653227228
167	30	11208	1	0	NULL	1653228039
168	32	11208	1	0	NULL	1653228433
169	31	11208	1	0	NULL	1653228441
170	74	11208	1	0	NULL	1653228899
171	33	11208	1	0	NULL	1653229074
172	69	11208	1	0	NULL	1653229076
173	70	11208	1	0	NULL	1653229077
174	71	11208	1	0	NULL	1653229079
175	50	11208	1	0	NULL	1653229080
176	73	11208	1	0	NULL	1653229701
177	72	11208	1	0	NULL	1653229702
178	173	11208	1	0	NULL	1653229769
179	193	11208	1	0	NULL	1653229876
180	189	36350	1	0	NULL	1653284083
181	189	36419	1	0	NULL	1653361890
182	189	36541	1	0	NULL	1653573717
183	189	36607	0	0	NULL	1653486178
184	189	36611	1	0	NULL	1656574146
185	189	35741	1	0	NULL	1653546229
186	189	33430	1	0	NULL	1653565479
187	189	29840	1	0	NULL	1653569966
188	30	23129	1	0	NULL	1653571804
189	189	31390	0	0	NULL	1653623136
190	29	369	1	0	NULL	1653635633
191	126	369	1	0	NULL	1653635645
192	125	369	1	0	NULL	1653635647
193	127	369	1	0	NULL	1653635649
194	129	369	1	0	NULL	1653635653
195	128	369	1	0	NULL	1653635656
196	194	369	1	0	NULL	1653635657
197	195	369	1	0	NULL	1653635659
198	123	369	1	0	NULL	1653635664
199	124	369	1	0	NULL	1653635666
200	29	23129	1	0	NULL	1653665800
201	189	36054	0	0	NULL	1653714508
202	189	36759	1	0	NULL	1653735865
203	189	36777	1	0	NULL	1653803014
204	189	32767	1	0	NULL	1653820954
205	189	36670	1	0	NULL	1653823700
206	189	27932	1	0	NULL	1653974289
207	189	36859	1	0	NULL	1654057558
208	189	30263	1	0	NULL	1654062585
209	189	31989	1	0	NULL	1654077248
210	189	36988	1	0	NULL	1654080014
211	189	36888	1	0	NULL	1655188914
212	189	30526	1	0	NULL	1654094791
213	189	36659	1	0	NULL	1654137750
214	189	36920	0	0	NULL	1656066942
215	189	35424	1	0	NULL	1654155791
216	63	13996	1	0	NULL	1654185858
217	65	13996	1	0	NULL	1654185903
218	64	13996	1	0	NULL	1654185905
219	62	13996	1	0	NULL	1654185907
220	61	13996	1	0	NULL	1654185909
221	60	13996	1	0	NULL	1654185912
222	59	13996	1	0	NULL	1654185913
223	58	13996	1	0	NULL	1654185915
224	57	13996	1	0	NULL	1654185916
225	83	13996	1	0	NULL	1654185918
226	56	13996	1	0	NULL	1654185919
227	82	13996	1	0	NULL	1654185920
228	55	13996	1	0	NULL	1654185921
229	81	13996	1	0	NULL	1654185921
230	54	13996	1	0	NULL	1654185924
231	80	13996	1	0	NULL	1654185927
232	53	13996	1	0	NULL	1654185928
233	79	13996	1	0	NULL	1654185929
234	78	13996	1	0	NULL	1654185931
235	52	13996	1	0	NULL	1654185931
236	77	13996	1	0	NULL	1654185932
237	76	13996	1	0	NULL	1654185933
238	75	13996	1	0	NULL	1654185934
239	51	13996	1	0	NULL	1654185934
240	72	13996	1	0	NULL	1654185935
241	73	13996	1	0	NULL	1654185936
242	74	13996	1	0	NULL	1654185938
243	50	13996	1	0	NULL	1654185939
244	71	13996	1	0	NULL	1654185940
245	70	13996	1	0	NULL	1654185941
246	69	13996	1	0	NULL	1654185942
247	33	13996	1	0	NULL	1654185943
248	32	13996	1	0	NULL	1654185945
249	31	13996	1	0	NULL	1654185945
250	30	13996	1	0	NULL	1654185946
251	29	13996	1	0	NULL	1654185947
252	84	13996	1	0	NULL	1654186079
253	85	13996	1	0	NULL	1654186082
254	86	13996	1	0	NULL	1654186083
255	87	13996	1	0	NULL	1654186084
256	88	13996	1	0	NULL	1654186086
257	89	13996	1	0	NULL	1654186087
258	90	13996	1	0	NULL	1654186088
259	91	13996	1	0	NULL	1654186089
260	92	13996	1	0	NULL	1654186091
261	93	13996	1	0	NULL	1654186092
262	94	13996	1	0	NULL	1654186095
263	95	13996	1	0	NULL	1654186096
264	96	13996	1	0	NULL	1654186097
265	97	13996	1	0	NULL	1654186098
266	98	13996	1	0	NULL	1654186100
267	99	13996	1	0	NULL	1654186101
268	100	13996	1	0	NULL	1654186102
269	101	13996	1	0	NULL	1654186103
270	102	13996	1	0	NULL	1654186104
271	103	13996	1	0	NULL	1654186105
272	104	13996	1	0	NULL	1654186106
273	105	13996	1	0	NULL	1654186107
274	106	13996	1	0	NULL	1654186109
275	107	13996	1	0	NULL	1654186109
276	108	13996	1	0	NULL	1654186111
277	109	13996	1	0	NULL	1654186113
278	110	13996	1	0	NULL	1654186114
279	111	13996	1	0	NULL	1654186116
280	112	13996	1	0	NULL	1654186117
281	113	13996	1	0	NULL	1654186118
282	114	13996	1	0	NULL	1654186119
283	115	13996	1	0	NULL	1654186120
284	116	13996	1	0	NULL	1654186122
285	117	13996	1	0	NULL	1654186123
286	118	13996	1	0	NULL	1654186124
287	119	13996	1	0	NULL	1654186127
288	120	13996	1	0	NULL	1654186129
289	121	13996	1	0	NULL	1654186130
290	122	13996	1	0	NULL	1654186131
291	123	13996	1	0	NULL	1654186133
292	124	13996	1	0	NULL	1654186134
293	125	13996	1	0	NULL	1654186134
294	126	13996	1	0	NULL	1654186135
295	128	13996	1	0	NULL	1654186137
296	127	13996	1	0	NULL	1654186137
297	129	13996	1	0	NULL	1654186138
298	194	13996	1	0	NULL	1654186139
299	195	13996	1	0	NULL	1654186141
300	173	13996	1	0	NULL	1654186162
301	193	13996	1	0	NULL	1654186164
302	189	36909	1	0	NULL	1654263627
303	189	37065	0	0	NULL	1654268221
304	189	64	0	0	NULL	1655730173
305	189	37066	1	0	NULL	1654338453
306	189	37089	1	0	NULL	1654412573
307	189	35329	1	0	NULL	1654416462
308	189	35850	1	0	NULL	1654422444
309	189	35680	1	0	NULL	1654493947
310	189	29978	1	0	NULL	1654442585
311	189	36469	0	0	NULL	1654443239
312	189	37110	1	0	NULL	1654485838
313	189	36745	1	0	NULL	1654485948
314	189	37121	1	0	NULL	1654495691
315	189	36841	1	0	NULL	1654496360
316	189	36782	0	0	NULL	1654507483
317	189	32481	1	0	NULL	1656142086
318	189	36605	1	0	NULL	1654607324
319	189	36160	1	0	NULL	1654522441
320	189	37057	1	0	NULL	1654523591
321	189	34593	1	0	NULL	1654524134
322	189	37146	1	0	NULL	1654532885
323	189	36057	1	0	NULL	1654536290
324	189	35988	1	0	NULL	1654568576
325	189	37050	0	0	NULL	1662625117
326	190	14129	1	0	NULL	1654580229
327	189	37098	1	0	NULL	1654580861
328	189	36287	1	0	NULL	1654589090
329	36	66	0	0	NULL	1654681544
330	189	37003	0	0	NULL	1654677104
331	189	37102	1	0	NULL	1654746597
332	189	35729	1	0	NULL	1654763426
333	189	35384	1	0	NULL	1654784248
334	133	35384	1	0	NULL	1654784285
335	134	35384	1	0	NULL	1654784287
336	189	37218	1	0	NULL	1654792833
337	189	36372	1	0	NULL	1654850838
338	189	36702	0	0	NULL	1655707283
339	189	35566	1	0	NULL	1654872370
340	189	37244	1	0	NULL	1654918885
341	189	32271	0	0	NULL	1654939182
342	189	37255	1	0	NULL	1654946255
343	189	37279	1	0	NULL	1655036353
344	189	36863	1	0	NULL	1655232394
345	29	28067	0	0	NULL	1655539899
346	30	28067	1	0	NULL	1655123383
347	31	28067	1	0	NULL	1655123384
348	32	28067	1	0	NULL	1655123386
349	33	28067	1	0	NULL	1655123388
350	69	28067	1	0	NULL	1655123390
351	70	28067	1	0	NULL	1655123391
352	71	28067	1	0	NULL	1655123392
353	50	28067	1	0	NULL	1655123393
354	72	28067	1	0	NULL	1655123395
355	73	28067	1	0	NULL	1655123396
356	74	28067	1	0	NULL	1655123396
357	51	28067	1	0	NULL	1655123397
358	75	28067	1	0	NULL	1655123399
359	76	28067	1	0	NULL	1655123399
360	77	28067	1	0	NULL	1655123400
361	52	28067	1	0	NULL	1655123400
362	78	28067	1	0	NULL	1655123402
363	79	28067	1	0	NULL	1655123402
364	53	28067	1	0	NULL	1655123403
365	80	28067	1	0	NULL	1655123403
366	54	28067	1	0	NULL	1655123404
367	81	28067	1	0	NULL	1655123406
368	55	28067	1	0	NULL	1655123406
369	82	28067	1	0	NULL	1655123406
370	56	28067	1	0	NULL	1655123407
371	83	28067	1	0	NULL	1655123408
372	57	28067	1	0	NULL	1655123409
373	58	28067	1	0	NULL	1655123409
374	59	28067	1	0	NULL	1655123409
375	60	28067	1	0	NULL	1655123410
376	61	28067	1	0	NULL	1655123411
377	62	28067	1	0	NULL	1655123411
378	63	28067	1	0	NULL	1655123412
379	64	28067	1	0	NULL	1655123412
380	65	28067	1	0	NULL	1655123413
381	84	28067	1	0	NULL	1655123415
382	85	28067	1	0	NULL	1655123415
383	86	28067	1	0	NULL	1655123416
384	87	28067	1	0	NULL	1655123416
385	88	28067	1	0	NULL	1655123416
386	89	28067	1	0	NULL	1655123418
387	90	28067	1	0	NULL	1655123418
388	91	28067	1	0	NULL	1655123419
389	92	28067	1	0	NULL	1655123419
390	94	28067	1	0	NULL	1655123421
391	95	28067	1	0	NULL	1655123422
392	96	28067	1	0	NULL	1655123422
393	97	28067	1	0	NULL	1655123423
394	99	28067	1	0	NULL	1655123425
395	93	28067	1	0	NULL	1655123426
396	98	28067	1	0	NULL	1655123432
397	100	28067	1	0	NULL	1655123433
398	101	28067	1	0	NULL	1655123436
399	102	28067	1	0	NULL	1655123436
400	103	28067	1	0	NULL	1655123437
401	104	28067	1	0	NULL	1655123439
402	105	28067	1	0	NULL	1655123439
403	106	28067	1	0	NULL	1655123440
404	107	28067	1	0	NULL	1655123441
405	108	28067	1	0	NULL	1655123442
406	109	28067	1	0	NULL	1655123443
407	110	28067	1	0	NULL	1655123443
408	111	28067	1	0	NULL	1655123444
409	112	28067	1	0	NULL	1655123446
410	113	28067	1	0	NULL	1655123447
411	114	28067	1	0	NULL	1655123448
412	115	28067	1	0	NULL	1655123449
413	116	28067	1	0	NULL	1655123450
414	117	28067	1	0	NULL	1655123450
415	118	28067	1	0	NULL	1655123450
416	119	28067	1	0	NULL	1655123451
417	120	28067	1	0	NULL	1655123453
418	121	28067	1	0	NULL	1655123453
419	122	28067	1	0	NULL	1655123453
420	123	28067	1	0	NULL	1655123454
421	124	28067	1	0	NULL	1655123455
422	125	28067	1	0	NULL	1655123456
423	126	28067	1	0	NULL	1655123457
424	127	28067	1	0	NULL	1655123457
425	128	28067	1	0	NULL	1655123458
426	129	28067	1	0	NULL	1655123458
427	194	28067	1	0	NULL	1655123458
428	195	28067	1	0	NULL	1655123460
429	173	28067	1	0	NULL	1655123932
430	189	37296	1	0	NULL	1655126936
431	189	37285	1	0	NULL	1655127523
432	189	37348	1	0	NULL	1655203600
433	45	37325	1	0	NULL	1655206188
434	261	37325	1	0	NULL	1655206415
435	266	37325	1	0	NULL	1655206447
436	189	36864	1	0	NULL	1655269593
437	262	37325	1	0	NULL	1655278948
438	173	66	1	0	NULL	1655287491
439	189	37369	1	0	NULL	1655290158
440	189	37372	1	0	NULL	1655292434
441	189	36707	1	0	NULL	1655298975
442	189	37008	1	0	NULL	1655356012
443	264	37325	1	0	NULL	1655361459
444	189	35540	1	0	NULL	1655370882
445	189	37399	1	0	NULL	1655372142
446	189	36389	1	0	NULL	1655372285
447	189	30779	1	0	NULL	1655378628
448	189	37114	1	0	NULL	1655387362
449	189	37258	1	0	NULL	1655463714
450	189	36005	1	0	NULL	1655465896
451	189	36789	0	0	NULL	1655471482
452	189	33855	1	0	NULL	1655481498
453	189	37420	0	0	NULL	1655484833
454	189	36079	1	0	NULL	1655521214
455	189	35954	1	0	NULL	1655711000
456	189	37435	1	0	NULL	1655534703
457	189	37447	1	0	NULL	1655552834
458	173	3442	1	0	NULL	1655570546
459	193	3442	0	0	NULL	1658547495
460	29	3442	1	0	NULL	1655570575
461	30	3442	1	0	NULL	1655570576
462	31	3442	1	0	NULL	1655570576
463	32	3442	1	0	NULL	1655570577
464	33	3442	1	0	NULL	1655570578
465	69	3442	1	0	NULL	1655570579
466	70	3442	1	0	NULL	1655570579
467	71	3442	1	0	NULL	1655570581
468	50	3442	1	0	NULL	1655570581
469	72	3442	1	0	NULL	1655570582
470	73	3442	1	0	NULL	1655570582
471	74	3442	1	0	NULL	1655570583
472	51	3442	1	0	NULL	1655570584
473	75	3442	1	0	NULL	1655570585
474	76	3442	1	0	NULL	1655570585
475	77	3442	1	0	NULL	1655570586
476	52	3442	1	0	NULL	1655570587
477	78	3442	1	0	NULL	1655570587
478	79	3442	1	0	NULL	1655570588
479	53	3442	1	0	NULL	1655570588
480	80	3442	1	0	NULL	1655570590
481	54	3442	1	0	NULL	1655570590
482	81	3442	1	0	NULL	1655570591
483	55	3442	1	0	NULL	1655570591
484	82	3442	1	0	NULL	1655570592
485	56	3442	1	0	NULL	1655570593
486	83	3442	1	0	NULL	1655570594
487	57	3442	1	0	NULL	1655570659
488	58	3442	1	0	NULL	1655570659
489	59	3442	1	0	NULL	1655570660
490	60	3442	1	0	NULL	1655570660
491	61	3442	1	0	NULL	1655570661
492	62	3442	1	0	NULL	1655570662
493	63	3442	1	0	NULL	1655570662
494	64	3442	1	0	NULL	1655570663
495	65	3442	1	0	NULL	1655570664
496	189	37411	1	0	NULL	1655635083
497	189	37269	0	0	NULL	1655642142
498	189	33576	1	0	NULL	1655712117
499	189	35696	0	0	NULL	1655731316
500	189	37476	1	0	NULL	1655732587
501	189	37478	1	0	NULL	1655737085
502	189	37482	1	0	NULL	1655750578
503	189	37484	0	0	NULL	1655871187
504	189	32774	1	0	NULL	1655805109
505	189	37493	1	0	NULL	1655813830
506	29	28062	0	0	NULL	1655815533
507	30	28062	1	0	NULL	1655815643
508	69	28062	1	0	NULL	1655815749
509	78	28062	1	0	NULL	1655815859
510	75	28062	1	0	NULL	1655815933
511	82	28062	1	0	NULL	1655816010
512	189	37281	1	0	NULL	1655816707
513	189	36316	1	0	NULL	1655826383
514	189	37022	1	0	NULL	1655827505
515	189	36088	1	0	NULL	1656486931
516	189	37515	1	0	NULL	1655920737
517	189	35970	1	0	NULL	1655955944
518	189	37409	1	0	NULL	1655960702
519	189	37500	1	0	NULL	1655970579
520	189	37467	1	0	NULL	1655989854
521	189	36471	1	0	NULL	1655994557
522	189	37540	0	0	NULL	1656041182
523	189	37559	1	0	NULL	1656138454
524	189	37573	0	0	NULL	1656170319
525	189	37577	1	0	NULL	1656210932
526	189	34632	1	0	NULL	1656215933
527	189	36444	1	0	NULL	1656228588
528	189	35646	0	0	NULL	1656252479
529	189	37588	0	0	NULL	1656255192
530	190	2907	1	0	NULL	1656257860
531	230	2907	1	0	NULL	1656257867
532	231	2907	1	0	NULL	1656257869
533	232	2907	1	0	NULL	1656257870
534	233	2907	1	0	NULL	1656257871
535	234	2907	1	0	NULL	1656257871
536	235	2907	1	0	NULL	1656257873
537	236	2907	1	0	NULL	1656257879
538	191	2907	1	0	NULL	1656257880
539	29	2907	1	0	NULL	1656257897
540	30	2907	1	0	NULL	1656257897
541	31	2907	1	0	NULL	1656257897
542	32	2907	1	0	NULL	1656257898
543	33	2907	1	0	NULL	1656257901
544	69	2907	1	0	NULL	1656257901
545	71	2907	1	0	NULL	1656257902
546	70	2907	1	0	NULL	1656257909
547	50	2907	1	0	NULL	1656257923
548	72	2907	1	0	NULL	1656257924
549	73	2907	1	0	NULL	1656257924
550	74	2907	1	0	NULL	1656257925
551	51	2907	1	0	NULL	1656257926
552	75	2907	1	0	NULL	1656257926
553	76	2907	1	0	NULL	1656257929
554	77	2907	1	0	NULL	1656257942
555	52	2907	1	0	NULL	1656257943
556	78	2907	1	0	NULL	1656257945
557	79	2907	1	0	NULL	1656257946
558	53	2907	1	0	NULL	1656257948
559	80	2907	1	0	NULL	1656257949
560	54	2907	1	0	NULL	1656257950
561	81	2907	1	0	NULL	1656257951
562	55	2907	1	0	NULL	1656257952
563	82	2907	1	0	NULL	1656257952
564	56	2907	1	0	NULL	1656257953
565	83	2907	1	0	NULL	1656257954
566	57	2907	1	0	NULL	1656257955
567	58	2907	1	0	NULL	1656257955
568	59	2907	1	0	NULL	1656257974
569	60	2907	1	0	NULL	1656257975
570	61	2907	1	0	NULL	1656257976
571	62	2907	1	0	NULL	1656257977
572	63	2907	1	0	NULL	1656257979
573	64	2907	1	0	NULL	1656257980
574	65	2907	1	0	NULL	1656257982
575	84	2907	1	0	NULL	1656257983
576	85	2907	1	0	NULL	1656257983
577	86	2907	1	0	NULL	1656257984
578	87	2907	1	0	NULL	1656257986
579	88	2907	1	0	NULL	1656257987
580	89	2907	1	0	NULL	1656257987
581	90	2907	1	0	NULL	1656257988
582	91	2907	1	0	NULL	1656257989
583	92	2907	1	0	NULL	1656257990
584	93	2907	1	0	NULL	1656257990
585	94	2907	1	0	NULL	1656257992
586	95	2907	1	0	NULL	1656257992
587	96	2907	1	0	NULL	1656257993
588	97	2907	1	0	NULL	1656257993
589	100	2907	1	0	NULL	1656257995
590	99	2907	1	0	NULL	1656257996
591	98	2907	1	0	NULL	1656257996
592	101	2907	1	0	NULL	1656257997
593	195	2907	1	0	NULL	1656258001
594	194	2907	1	0	NULL	1656258002
595	129	2907	1	0	NULL	1656258002
596	128	2907	1	0	NULL	1656258003
597	127	2907	1	0	NULL	1656258004
598	126	2907	1	0	NULL	1656258004
599	125	2907	1	0	NULL	1656258006
600	124	2907	1	0	NULL	1656258007
601	123	2907	1	0	NULL	1656258008
602	122	2907	1	0	NULL	1656258009
603	121	2907	1	0	NULL	1656258009
604	120	2907	1	0	NULL	1656258010
605	119	2907	1	0	NULL	1656258010
606	118	2907	1	0	NULL	1656258012
607	117	2907	1	0	NULL	1656258012
608	116	2907	1	0	NULL	1656258013
609	115	2907	1	0	NULL	1656258014
610	114	2907	1	0	NULL	1656258015
611	113	2907	1	0	NULL	1656258019
612	112	2907	1	0	NULL	1656258020
613	111	2907	1	0	NULL	1656258020
614	110	2907	1	0	NULL	1656258021
615	109	2907	1	0	NULL	1656258023
616	108	2907	1	0	NULL	1656258023
617	107	2907	1	0	NULL	1656258024
618	106	2907	1	0	NULL	1656258025
619	105	2907	1	0	NULL	1656258026
620	104	2907	1	0	NULL	1656258026
621	103	2907	1	0	NULL	1656258028
622	102	2907	1	0	NULL	1656258029
623	189	2907	1	0	NULL	1656258087
624	173	2907	1	0	NULL	1656258562
625	193	2907	1	0	NULL	1656258563
626	189	37605	1	0	NULL	1656304746
627	189	30507	1	0	NULL	1656322328
628	189	34662	1	0	NULL	1656328187
629	189	32930	1	0	NULL	1656420017
630	189	37553	1	0	NULL	1656427895
631	189	30767	1	0	NULL	1656434431
632	189	37677	1	0	NULL	1656493462
633	189	37628	1	0	NULL	1656501010
634	189	37670	1	0	NULL	1658408094
635	189	31376	1	0	NULL	1656504263
636	189	37686	1	0	NULL	1656504963
637	189	37603	1	0	NULL	1656518688
638	189	37675	1	0	NULL	1656563075
639	189	37624	1	0	NULL	1656574232
640	189	37138	1	0	NULL	1656579149
641	189	37712	1	0	NULL	1656579495
642	189	37715	1	0	NULL	1656579584
643	189	37718	0	0	NULL	1656584239
644	189	37637	1	0	NULL	1656584310
645	189	37723	1	0	NULL	1656590810
646	189	33193	0	0	NULL	1656592176
647	189	37725	1	0	NULL	1656593017
648	189	37730	1	0	NULL	1656594629
649	189	37434	1	0	NULL	1659025623
650	189	37635	0	0	NULL	1656602669
651	189	35965	1	0	NULL	1656639744
652	189	37749	1	0	NULL	1656665677
653	189	32861	1	0	NULL	1656669642
654	189	35834	1	0	NULL	1656674991
655	189	37753	1	0	NULL	1656677149
656	189	37711	1	0	NULL	1656684085
657	189	37615	1	0	NULL	1656762167
658	189	36464	1	0	NULL	1656762483
659	189	37780	1	0	NULL	1656764185
660	189	37754	1	0	NULL	1656764942
661	189	37700	1	0	NULL	1656775510
662	189	36662	1	0	NULL	1656780975
663	189	37509	1	0	NULL	1656824950
664	189	36846	1	0	NULL	1656828820
665	189	37788	1	0	NULL	1656834017
666	189	37800	1	0	NULL	1656852818
667	189	37673	1	0	NULL	1656854245
668	189	37103	1	0	NULL	1656866530
669	189	37238	1	0	NULL	1658486706
670	189	36018	1	0	NULL	1657103955
671	189	37824	1	0	NULL	1657246537
672	189	37826	1	0	NULL	1657247720
673	189	37840	1	0	NULL	1657476542
674	189	33443	1	0	NULL	1659016879
675	189	37848	1	0	NULL	1658154658
676	173	31029	1	0	NULL	1658201435
677	193	31029	1	0	NULL	1658201437
678	273	31029	1	0	NULL	1658201439
679	189	31029	1	0	NULL	1658201446
680	272	31029	1	0	NULL	1658201447
681	189	37205	1	0	NULL	1658326239
682	189	37882	1	0	NULL	1658311681
683	29	37882	1	0	NULL	1658311382
684	30	37882	1	0	NULL	1658311383
685	31	37882	1	0	NULL	1658311385
686	32	37882	1	0	NULL	1658311386
687	33	37882	1	0	NULL	1658311388
688	69	37882	1	0	NULL	1658311390
689	70	37882	1	0	NULL	1658311392
690	71	37882	1	0	NULL	1658311393
691	50	37882	1	0	NULL	1658311395
692	195	37882	1	0	NULL	1658311403
693	194	37882	1	0	NULL	1658311403
694	129	37882	1	0	NULL	1658311403
695	128	37882	1	0	NULL	1658311404
696	127	37882	1	0	NULL	1658311404
697	126	37882	1	0	NULL	1658311404
698	124	37882	1	0	NULL	1658311407
699	123	37882	1	0	NULL	1658311407
700	122	37882	1	0	NULL	1658311408
701	121	37882	1	0	NULL	1658311408
702	120	37882	1	0	NULL	1658311408
703	125	37882	1	0	NULL	1658311410
704	119	37882	1	0	NULL	1658311410
705	117	37882	1	0	NULL	1658311411
706	116	37882	1	0	NULL	1658311411
707	115	37882	1	0	NULL	1658311411
708	114	37882	1	0	NULL	1658311412
709	113	37882	1	0	NULL	1658311414
710	112	37882	1	0	NULL	1658311414
711	111	37882	1	0	NULL	1658311414
712	110	37882	1	0	NULL	1658311415
713	109	37882	1	0	NULL	1658311415
714	118	37882	1	0	NULL	1658311415
715	108	37882	1	0	NULL	1658311417
716	107	37882	1	0	NULL	1658311418
717	106	37882	1	0	NULL	1658311418
718	105	37882	1	0	NULL	1658311418
719	104	37882	1	0	NULL	1658311418
720	103	37882	1	0	NULL	1658311419
721	102	37882	1	0	NULL	1658311420
722	101	37882	1	0	NULL	1658311421
723	100	37882	1	0	NULL	1658311421
724	98	37882	1	0	NULL	1658311422
725	99	37882	1	0	NULL	1658311422
726	97	37882	1	0	NULL	1658311422
727	96	37882	1	0	NULL	1658311424
728	95	37882	1	0	NULL	1658311425
729	94	37882	1	0	NULL	1658311425
730	93	37882	1	0	NULL	1658311426
731	92	37882	1	0	NULL	1658311426
732	91	37882	1	0	NULL	1658311428
733	90	37882	1	0	NULL	1658311428
734	89	37882	1	0	NULL	1658311429
735	88	37882	1	0	NULL	1658311429
736	87	37882	1	0	NULL	1658311429
737	86	37882	1	0	NULL	1658311431
738	85	37882	1	0	NULL	1658311432
739	84	37882	1	0	NULL	1658311432
740	64	37882	1	0	NULL	1658311434
741	63	37882	1	0	NULL	1658311436
742	62	37882	1	0	NULL	1658311436
743	65	37882	1	0	NULL	1658311438
744	61	37882	1	0	NULL	1658311440
745	60	37882	1	0	NULL	1658311440
746	59	37882	1	0	NULL	1658311446
747	57	37882	1	0	NULL	1658311446
748	83	37882	1	0	NULL	1658311447
749	56	37882	1	0	NULL	1658311447
750	82	37882	1	0	NULL	1658311449
751	55	37882	1	0	NULL	1658311449
752	81	37882	1	0	NULL	1658311450
753	54	37882	1	0	NULL	1658311450
754	58	37882	1	0	NULL	1658311451
755	80	37882	1	0	NULL	1658311451
756	53	37882	1	0	NULL	1658311453
757	79	37882	1	0	NULL	1658311454
758	78	37882	1	0	NULL	1658311454
759	52	37882	1	0	NULL	1658311455
760	77	37882	1	0	NULL	1658311455
761	76	37882	1	0	NULL	1658311455
762	75	37882	1	0	NULL	1658311457
763	51	37882	1	0	NULL	1658311458
764	74	37882	1	0	NULL	1658311458
765	73	37882	1	0	NULL	1658311459
766	72	37882	1	0	NULL	1658311459
767	190	37882	1	0	NULL	1658311508
768	230	37882	1	0	NULL	1658311510
769	231	37882	1	0	NULL	1658311511
770	191	37882	1	0	NULL	1658311514
771	236	37882	1	0	NULL	1658311514
772	235	37882	1	0	NULL	1658311516
773	234	37882	1	0	NULL	1658311521
774	233	37882	1	0	NULL	1658311521
775	232	37882	1	0	NULL	1658311522
776	189	37883	1	0	NULL	1658312119
777	29	37890	1	0	NULL	1658314897
778	30	37890	1	0	NULL	1658314900
779	31	37890	1	0	NULL	1658314904
780	32	37890	1	0	NULL	1658314906
781	33	37890	1	0	NULL	1658314909
782	69	37890	1	0	NULL	1658314912
783	70	37890	1	0	NULL	1658314921
784	71	37890	1	0	NULL	1658315058
785	50	37890	1	0	NULL	1658315059
786	72	37890	1	0	NULL	1658315060
787	73	37890	1	0	NULL	1658315069
788	74	37890	1	0	NULL	1658315155
789	51	37890	1	0	NULL	1658315156
790	75	37890	1	0	NULL	1658315158
791	76	37890	1	0	NULL	1658315159
792	77	37890	1	0	NULL	1658315160
793	189	37890	1	0	NULL	1658315444
794	189	37916	1	0	NULL	1658333923
795	189	37936	1	0	NULL	1658319931
796	30	37936	1	0	NULL	1658320060
797	29	37936	1	0	NULL	1658320075
798	69	37936	1	0	NULL	1658320104
799	32	37936	1	0	NULL	1658320109
800	31	37936	1	0	NULL	1658320120
801	33	37936	1	0	NULL	1658320121
802	70	37936	1	0	NULL	1658320122
803	71	37936	1	0	NULL	1658320124
804	50	37936	1	0	NULL	1658320124
805	72	37936	1	0	NULL	1658320124
806	73	37936	1	0	NULL	1658320126
807	74	37936	1	0	NULL	1658320126
808	51	37936	1	0	NULL	1658320127
809	75	37936	1	0	NULL	1658320127
810	76	37936	1	0	NULL	1658320128
811	77	37936	1	0	NULL	1658320129
812	52	37936	1	0	NULL	1658320130
813	78	37936	1	0	NULL	1658320131
814	53	37936	1	0	NULL	1658320132
815	80	37936	1	0	NULL	1658320133
816	54	37936	1	0	NULL	1658320134
817	81	37936	1	0	NULL	1658320135
818	55	37936	1	0	NULL	1658320136
819	82	37936	1	0	NULL	1658320136
820	79	37936	1	0	NULL	1658320137
821	56	37936	1	0	NULL	1658320137
822	83	37936	1	0	NULL	1658320138
823	57	37936	1	0	NULL	1658320138
824	58	37936	1	0	NULL	1658320140
825	59	37936	1	0	NULL	1658320140
826	60	37936	1	0	NULL	1658320141
827	61	37936	1	0	NULL	1658320142
828	62	37936	1	0	NULL	1658320142
829	63	37936	1	0	NULL	1658320143
830	64	37936	1	0	NULL	1658320143
831	65	37936	1	0	NULL	1658320145
832	84	37936	1	0	NULL	1658320146
833	85	37936	1	0	NULL	1658320146
834	86	37936	1	0	NULL	1658320147
835	87	37936	1	0	NULL	1658320147
836	88	37936	1	0	NULL	1658320148
837	89	37936	1	0	NULL	1658320149
838	90	37936	1	0	NULL	1658320150
839	91	37936	1	0	NULL	1658320150
840	92	37936	1	0	NULL	1658320151
841	93	37936	1	0	NULL	1658320151
842	94	37936	1	0	NULL	1658320152
843	95	37936	1	0	NULL	1658320152
844	96	37936	1	0	NULL	1658320154
845	97	37936	1	0	NULL	1658320154
846	99	37936	1	0	NULL	1658320155
847	100	37936	1	0	NULL	1658320156
848	101	37936	1	0	NULL	1658320156
849	102	37936	1	0	NULL	1658320159
850	103	37936	1	0	NULL	1658320160
851	98	37936	1	0	NULL	1658320160
852	104	37936	1	0	NULL	1658320160
853	105	37936	1	0	NULL	1658320161
854	106	37936	1	0	NULL	1658320161
855	107	37936	1	0	NULL	1658320162
856	195	37936	1	0	NULL	1658320163
857	194	37936	1	0	NULL	1658320164
858	129	37936	1	0	NULL	1658320164
859	128	37936	1	0	NULL	1658320165
860	127	37936	1	0	NULL	1658320165
861	126	37936	1	0	NULL	1658320166
862	125	37936	1	0	NULL	1658320166
863	124	37936	1	0	NULL	1658320167
864	123	37936	1	0	NULL	1658320168
865	122	37936	1	0	NULL	1658320169
866	121	37936	1	0	NULL	1658320169
867	120	37936	1	0	NULL	1658320170
868	119	37936	1	0	NULL	1658320170
869	118	37936	1	0	NULL	1658320171
870	117	37936	1	0	NULL	1658320172
871	116	37936	1	0	NULL	1658320172
872	114	37936	1	0	NULL	1658320175
873	115	37936	1	0	NULL	1658320175
874	113	37936	1	0	NULL	1658320322
875	112	37936	1	0	NULL	1658320323
876	111	37936	1	0	NULL	1658320323
877	110	37936	1	0	NULL	1658320323
878	109	37936	1	0	NULL	1658320324
879	108	37936	1	0	NULL	1658320325
880	29	37916	1	0	NULL	1658320431
881	30	37916	1	0	NULL	1658320432
882	31	37916	1	0	NULL	1658320432
883	32	37916	1	0	NULL	1658320432
884	50	37916	1	0	NULL	1658320434
885	71	37916	1	0	NULL	1658320434
886	70	37916	1	0	NULL	1658320434
887	69	37916	1	0	NULL	1658320435
888	72	37916	1	0	NULL	1658320436
889	73	37916	1	0	NULL	1658320436
890	74	37916	1	0	NULL	1658320436
891	195	37916	1	0	NULL	1658320440
892	194	37916	1	0	NULL	1658320440
893	129	37916	1	0	NULL	1658320440
894	128	37916	1	0	NULL	1658320441
895	127	37916	1	0	NULL	1658320441
896	126	37916	1	0	NULL	1658320441
897	125	37916	1	0	NULL	1658320441
898	124	37916	1	0	NULL	1658320444
899	123	37916	1	0	NULL	1658320444
900	122	37916	1	0	NULL	1658320444
901	121	37916	1	0	NULL	1658320444
902	120	37916	1	0	NULL	1658320445
903	119	37916	1	0	NULL	1658320445
904	118	37916	1	0	NULL	1658320446
905	117	37916	1	0	NULL	1658320447
906	116	37916	1	0	NULL	1658320447
907	115	37916	1	0	NULL	1658320447
908	114	37916	1	0	NULL	1658320448
909	113	37916	1	0	NULL	1658320449
910	112	37916	1	0	NULL	1658320449
911	111	37916	1	0	NULL	1658320449
912	110	37916	1	0	NULL	1658320450
913	109	37916	1	0	NULL	1658320450
914	108	37916	1	0	NULL	1658320450
915	107	37916	1	0	NULL	1658320451
916	104	37916	1	0	NULL	1658320452
917	105	37916	1	0	NULL	1658320453
918	103	37916	1	0	NULL	1658320453
919	106	37916	1	0	NULL	1658320457
920	101	37916	1	0	NULL	1658320459
921	100	37916	1	0	NULL	1658320459
922	102	37916	1	0	NULL	1658320460
923	79	37916	1	0	NULL	1658320467
924	78	37916	1	0	NULL	1658320467
925	52	37916	1	0	NULL	1658320467
926	77	37916	1	0	NULL	1658320467
927	76	37916	1	0	NULL	1658320468
928	75	37916	1	0	NULL	1658320468
929	53	37916	1	0	NULL	1658320469
930	51	37916	1	0	NULL	1658320470
931	57	37916	1	0	NULL	1658320473
932	83	37916	1	0	NULL	1658320473
933	56	37916	1	0	NULL	1658320473
934	82	37916	1	0	NULL	1658320474
935	55	37916	1	0	NULL	1658320474
936	81	37916	1	0	NULL	1658320475
937	54	37916	1	0	NULL	1658320475
938	58	37916	1	0	NULL	1658320477
939	59	37916	1	0	NULL	1658320477
940	60	37916	1	0	NULL	1658320477
941	64	37916	1	0	NULL	1658320479
942	63	37916	1	0	NULL	1658320479
943	62	37916	1	0	NULL	1658320479
944	61	37916	1	0	NULL	1658320485
945	65	37916	1	0	NULL	1658320486
946	84	37916	1	0	NULL	1658320486
947	85	37916	1	0	NULL	1658320486
948	99	37916	1	0	NULL	1658320491
949	98	37916	1	0	NULL	1658320492
950	97	37916	1	0	NULL	1658320492
951	96	37916	1	0	NULL	1658320492
952	95	37916	1	0	NULL	1658320493
953	94	37916	1	0	NULL	1658320493
954	93	37916	1	0	NULL	1658320493
955	92	37916	1	0	NULL	1658320495
956	91	37916	1	0	NULL	1658320496
957	90	37916	1	0	NULL	1658320496
958	89	37916	1	0	NULL	1658320498
959	88	37916	1	0	NULL	1658320498
960	87	37916	1	0	NULL	1658320498
961	86	37916	1	0	NULL	1658320498
962	189	37965	1	0	NULL	1658321463
963	189	37895	1	0	NULL	1658326512
964	29	37939	1	0	NULL	1658326748
965	30	37939	1	0	NULL	1658326750
966	31	37939	1	0	NULL	1658326752
967	32	37939	1	0	NULL	1658326753
968	33	37939	1	0	NULL	1658326754
969	69	37939	1	0	NULL	1658326756
970	70	37939	1	0	NULL	1658326756
971	71	37939	1	0	NULL	1658326757
972	50	37939	1	0	NULL	1658326758
973	72	37939	1	0	NULL	1658326758
974	73	37939	1	0	NULL	1658326759
975	74	37939	1	0	NULL	1658326760
976	51	37939	1	0	NULL	1658326761
977	75	37939	1	0	NULL	1658326761
978	76	37939	1	0	NULL	1658326762
979	77	37939	1	0	NULL	1658326763
980	52	37939	1	0	NULL	1658326763
981	78	37939	1	0	NULL	1658326764
982	79	37939	1	0	NULL	1658326765
983	53	37939	1	0	NULL	1658326766
984	80	37939	1	0	NULL	1658326767
985	54	37939	1	0	NULL	1658326769
986	81	37939	1	0	NULL	1658326769
987	55	37939	1	0	NULL	1658326769
988	82	37939	1	0	NULL	1658326771
989	56	37939	1	0	NULL	1658326771
990	83	37939	1	0	NULL	1658326772
991	57	37939	1	0	NULL	1658326773
992	58	37939	1	0	NULL	1658326773
993	59	37939	1	0	NULL	1658326773
994	60	37939	1	0	NULL	1658326774
995	61	37939	1	0	NULL	1658326775
996	62	37939	1	0	NULL	1658326775
997	63	37939	1	0	NULL	1658326776
998	64	37939	1	0	NULL	1658326777
999	65	37939	1	0	NULL	1658326777
1000	84	37939	1	0	NULL	1658326778
1001	85	37939	1	0	NULL	1658326780
1002	86	37939	1	0	NULL	1658326786
