id	h5pactivityid	userid	timecreated	timemodified	attempt	rawscore	maxscore	scaled	duration	completion	success
1	50	67	1651040952	1651040953	1	32	33	0.96970	167	1	0
2	50	29246	1651756943	1651756943	1	33	33	1.00000	208	1	1
3	1	29250	1651757372	1651757372	1	5	5	1.00000	30	1	1
4	50	29256	1651758014	1651758015	1	32	33	0.96970	729	1	0
5	50	29263	1651758421	1651758422	1	31	33	0.93939	294	1	0
6	50	29263	1651758625	1651758626	2	33	33	1.00000	175	1	1
7	50	29273	1651758845	1651758845	1	31	33	0.93939	373	1	0
8	50	29273	1651759011	1651759011	2	33	33	1.00000	539	1	1
9	50	29288	1651759786	1651759786	1	28	33	0.84848	723	1	0
10	50	29288	1651759946	1651759946	2	33	33	1.00000	883	1	1
11	50	29320	1651760135	1651760135	1	32	33	0.96970	330	1	0
12	50	29355	1651762484	1651762485	1	32	33	0.96970	263	1	0
13	50	29402	1651762839	1651762840	1	33	33	1.00000	319	1	1
14	50	29440	1651762963	1651762964	1	28	33	0.84848	325	1	0
15	53	29440	1651763394	1651763394	1	32	33	0.96970	235	1	0
16	30	29377	1651764106	1651764106	1	8	8	1.00000	25	1	1
17	50	29308	1651765912	1651765912	1	31	33	0.93939	455	1	0
18	50	29330	1651768443	1651768444	1	30	33	0.90909	175	1	0
19	50	29374	1651769379	1651769379	1	28	33	0.84848	241	1	0
20	50	29339	1651770984	1651770985	1	32	33	0.96970	396	1	0
21	50	29339	1651771341	1651771342	2	32	33	0.96970	210	1	0
22	50	29324	1651797634	1651797634	1	25	33	0.75758	230	1	0
23	50	29573	1651817958	1651817958	1	13	33	0.39394	513	1	0
24	50	29594	1651818042	1651818042	1	18	33	0.54545	306	1	0
25	50	29582	1651818067	1651818067	1	7	33	0.21212	391	1	0
26	50	29579	1651818179	1651818179	1	14	33	0.42424	369	1	0
27	50	29585	1651818252	1651818252	1	16	33	0.48485	441	1	0
28	50	29584	1651818268	1651818268	1	13	33	0.39394	591	1	0
29	50	29588	1651818348	1651818348	1	16	33	0.48485	629	1	0
30	50	29596	1651818365	1651818365	1	16	33	0.48485	576	1	0
31	50	29580	1651818378	1651818378	1	17	33	0.51515	693	1	0
32	50	29586	1651818415	1651818415	1	8	33	0.24242	462	1	0
33	50	29587	1651818419	1651818420	1	24	33	0.72727	734	1	0
34	50	29571	1651818490	1651818490	1	25	33	0.75758	700	1	0
36	50	29598	1651818549	1651818549	1	22	33	0.66667	560	1	0
37	50	29588	1651818583	1651818583	2	19	33	0.57576	181	1	0
38	50	29576	1651818584	1651818584	1	29	33	0.87879	961	1	0
39	50	29593	1651818770	1651818770	1	12	33	0.36364	960	1	0
40	50	29579	1651818791	1651818792	2	5	33	0.15152	307	1	0
41	50	29570	1651818873	1651818874	1	26	33	0.78788	1195	1	0
42	50	29590	1651818956	1651818956	1	23	33	0.69697	652	1	0
43	50	29609	1651818981	1651818982	1	26	33	0.78788	343	1	0
44	50	29606	1651818982	1651818982	1	15	33	0.45455	500	1	0
45	50	29577	1651818986	1651818987	1	30	33	0.90909	646	1	0
46	50	29601	1651819004	1651819004	1	22	33	0.66667	870	1	0
47	50	29603	1651819014	1651819015	1	11	33	0.33333	363	1	0
48	50	29606	1651819085	1651819085	2	17	33	0.51515	73	1	0
49	50	29600	1651819091	1651819091	1	24	33	0.72727	990	1	0
50	50	29598	1651819145	1651819146	2	23	33	0.69697	1157	1	0
51	50	29612	1651819148	1651819148	1	17	33	0.51515	420	1	0
52	50	29601	1651819241	1651819241	2	22	33	0.66667	180	1	0
53	50	29591	1651819279	1651819280	1	20	33	0.60606	638	1	0
54	50	29613	1651819415	1651819415	1	9	33	0.27273	527	1	0
55	1	29590	1651819437	1651819437	1	5	5	1.00000	143	1	1
56	50	29617	1651819467	1651819467	1	7	33	0.21212	420	1	0
57	50	29625	1651819620	1651819621	1	4	33	0.12121	287	1	0
58	48	29598	1651819658	1651819658	1	2	7	0.28571	62	1	0
59	50	29621	1651819668	1651819668	1	23	33	0.69697	266	1	0
60	50	29622	1651819672	1651819672	1	10	33	0.30303	438	1	0
61	50	29624	1651819691	1651819691	1	31	33	0.93939	367	1	0
62	1	29598	1651819718	1651819718	1	5	5	1.00000	30	1	1
63	1	29579	1651819735	1651819735	1	5	5	1.00000	44	1	1
64	3	29598	1651819958	1651819958	1	6	6	1.00000	82	1	1
65	16	29598	1651820007	1651820007	1	6	6	1.00000	34	1	1
66	1	29596	1651820178	1651820178	1	5	5	1.00000	30	1	1
67	23	29598	1651820184	1651820184	1	4	4	1.00000	36	1	1
68	1	29596	1651820279	1651820279	2	5	5	1.00000	18	1	1
69	19	29598	1651820288	1651820288	1	9	9	1.00000	68	1	1
70	18	29598	1651820339	1651820339	1	4	4	1.00000	21	1	1
71	2	29596	1651820356	1651820356	1	5	5	1.00000	31	1	1
72	16	29598	1651820393	1651820393	2	6	6	1.00000	25	1	1
73	3	29596	1651820481	1651820481	1	6	6	1.00000	61	1	1
74	15	29579	1651820770	1651820770	1	0	5	0.00000	181	1	0
75	50	29630	1651820821	1651820822	1	31	33	0.93939	536	1	0
76	14	29596	1651820937	1651820937	1	5	5	1.00000	23	1	1
77	15	29596	1651821040	1651821040	1	5	5	1.00000	22	1	1
78	1	29584	1651821055	1651821055	1	5	5	1.00000	60	1	1
79	50	29644	1651823827	1651823827	1	25	33	0.75758	355	1	0
80	50	29644	1651824055	1651824055	2	31	33	0.93939	583	1	0
81	50	29644	1651824426	1651824427	3	33	33	1.00000	219	1	1
82	50	29683	1651825481	1651825481	1	22	33	0.66667	359	1	0
83	50	29688	1651825753	1651825754	1	32	33	0.96970	306	1	0
85	50	29688	1651825981	1651825981	2	33	33	1.00000	142	1	1
86	53	29688	1651826165	1651826165	1	33	33	1.00000	148	1	1
87	3	29688	1651826334	1651826334	1	6	6	1.00000	37	1	1
88	1	29688	1651826380	1651826380	1	5	5	1.00000	22	1	1
91	53	29700	1651827245	1651827245	1	28	33	0.84848	267	1	0
92	53	29700	1651827481	1651827481	2	31	33	0.93939	503	1	0
93	53	29700	1651827645	1651827646	3	33	33	1.00000	667	1	1
94	1	29786	1651828457	1651828457	1	5	5	1.00000	19	1	1
95	50	29784	1651829089	1651829089	1	24	33	0.72727	495	1	0
96	50	29793	1651829247	1651829247	1	33	33	1.00000	315	1	1
97	50	29784	1651829294	1651829294	2	32	33	0.96970	700	1	0
98	1	29793	1651829628	1651829628	1	5	5	1.00000	19	1	1
99	1	29793	1651829662	1651829662	2	5	5	1.00000	18	1	1
100	50	29845	1651831711	1651831711	1	29	33	0.87879	678	1	0
101	50	29845	1651832085	1651832085	2	32	33	0.96970	1052	1	0
102	29	29786	1651832891	1651832891	1	9	9	1.00000	66	1	1
103	3	29794	1651832951	1651832951	1	6	6	1.00000	24	1	1
104	22	29794	1651833086	1651833086	1	4	6	0.66667	21	1	0
105	22	29794	1651833104	1651833104	2	6	6	1.00000	38	1	1
106	50	29888	1651833149	1651833149	1	30	33	0.90909	361	1	0
107	25	29794	1651833166	1651833166	1	7	9	0.77778	37	1	0
108	25	29794	1651833194	1651833194	2	9	9	1.00000	65	1	1
109	50	29889	1651833258	1651833258	1	31	33	0.93939	567	1	0
110	50	29907	1651833788	1651833789	1	27	33	0.81818	425	1	0
111	50	29851	1651833788	1651833789	1	24	33	0.72727	706	1	0
112	50	29907	1651833998	1651833999	2	29	33	0.87879	635	1	0
113	50	29907	1651834127	1651834128	3	33	33	1.00000	764	1	1
114	50	29910	1651834187	1651834187	1	31	33	0.93939	287	1	0
115	50	29886	1651834569	1651834569	1	32	33	0.96970	605	1	0
116	50	29886	1651834852	1651834852	2	32	33	0.96970	248	1	0
117	50	29931	1651835053	1651835053	1	31	33	0.93939	490	1	0
118	53	29839	1651835246	1651835247	1	28	33	0.84848	568	1	0
119	50	29949	1651835539	1651835539	1	29	33	0.87879	246	1	0
120	53	29964	1651836074	1651836075	1	26	33	0.78788	372	1	0
121	53	29964	1651836254	1651836255	2	28	33	0.84848	129	1	0
122	50	29953	1651836573	1651836574	1	30	33	0.90909	342	1	0
123	50	29981	1651836950	1651836950	1	31	33	0.93939	541	1	0
124	50	29989	1651837373	1651837373	1	30	33	0.90909	727	1	0
125	50	30002	1651837591	1651837592	1	25	33	0.75758	340	1	0
126	50	30002	1651837760	1651837760	2	31	33	0.93939	509	1	0
127	50	30034	1651838874	1651838875	1	32	33	0.96970	301	1	0
128	50	29633	1651839076	1651839077	1	20	33	0.60606	403	1	0
129	50	30066	1651839751	1651839751	1	21	33	0.63636	390	1	0
130	50	30095	1651840821	1651840822	1	31	33	0.93939	275	1	0
131	50	30117	1651842303	1651842303	1	30	33	0.90909	299	1	0
132	50	30156	1651842478	1651842478	1	16	33	0.48485	391	1	0
133	50	30117	1651842541	1651842542	2	33	33	1.00000	147	1	1
134	1	30202	1651842788	1651842788	1	5	5	1.00000	30	1	1
135	50	30180	1651842912	1651842912	1	29	33	0.87879	203	1	0
136	50	30188	1651842987	1651842987	1	29	33	0.87879	470	1	0
137	1	30190	1651843109	1651843109	1	5	5	1.00000	28	1	1
138	50	30192	1651843192	1651843192	1	32	33	0.96970	427	1	0
139	50	29679	1651843722	1651843722	1	28	33	0.84848	309	1	0
140	53	30117	1651843812	1651843813	1	33	33	1.00000	163	1	1
141	50	30217	1651843837	1651843838	1	32	33	0.96970	226	1	0
142	50	30257	1651844432	1651844432	1	22	33	0.66667	503	1	0
143	50	30302	1651844604	1651844604	1	26	33	0.78788	362	1	0
144	50	30291	1651844754	1651844755	1	31	33	0.93939	482	1	0
145	50	30254	1651845049	1651845049	1	31	33	0.93939	985	1	0
146	50	30323	1651845241	1651845242	1	30	33	0.90909	506	1	0
147	50	30320	1651845415	1651845415	1	30	33	0.90909	483	1	0
148	50	30323	1651845437	1651845437	2	33	33	1.00000	702	1	1
149	50	30320	1651845793	1651845793	2	31	33	0.93939	857	1	0
150	50	30320	1651846057	1651846057	3	33	33	1.00000	1126	1	1
151	50	30390	1651846170	1651846170	1	29	33	0.87879	494	1	0
152	50	29435	1651846210	1651846210	1	32	33	0.96970	853	1	0
153	1	30097	1651846334	1651846334	1	5	5	1.00000	44	1	1
154	50	30392	1651846655	1651846655	1	32	33	0.96970	312	1	0
155	50	30444	1651847251	1651847251	1	32	33	0.96970	714	1	0
156	50	30457	1651847307	1651847308	1	27	33	0.81818	323	1	0
157	50	29691	1651847501	1651847501	1	17	33	0.51515	212	1	0
158	50	30485	1651847572	1651847572	1	23	33	0.69697	329	1	0
159	50	30538	1651848470	1651848471	1	31	33	0.93939	296	1	0
160	50	30530	1651848531	1651848531	1	30	33	0.90909	298	1	0
161	50	30495	1651848566	1651848567	1	22	33	0.66667	294	1	0
162	50	30521	1651848608	1651848608	1	32	33	0.96970	832	1	0
163	50	30495	1651849012	1651849012	2	23	33	0.69697	392	1	0
164	50	30634	1651849090	1651849091	1	27	33	0.81818	432	1	0
165	50	30631	1651849436	1651849436	1	24	33	0.72727	636	1	0
166	50	30457	1651849532	1651849533	2	32	33	0.96970	255	1	0
167	50	30495	1651849535	1651849535	3	28	33	0.84848	121	1	0
168	50	30631	1651849864	1651849864	2	27	33	0.81818	387	1	0
169	50	30653	1651849935	1651849935	1	27	33	0.81818	743	1	0
170	50	30631	1651850174	1651850175	3	27	33	0.81818	699	1	0
171	50	30711	1651851004	1651851005	1	27	33	0.81818	763	1	0
172	50	30782	1651851387	1651851387	1	30	33	0.90909	253	1	0
173	50	30711	1651851601	1651851602	2	32	33	0.96970	259	1	0
174	50	30787	1651851604	1651851605	1	30	33	0.90909	295	1	0
175	50	30782	1651851662	1651851662	2	32	33	0.96970	99	1	0
176	2	30202	1651852480	1651852480	1	5	5	1.00000	28	1	1
177	3	30202	1651852539	1651852539	1	6	6	1.00000	32	1	1
178	1	30848	1651852574	1651852574	1	0	5	0.00000	45	1	0
179	29	30841	1651852662	1651852662	1	9	9	1.00000	161	1	1
180	50	30847	1651852787	1651852787	1	28	33	0.84848	243	1	0
181	50	30858	1651852988	1651852989	1	33	33	1.00000	177	1	1
182	53	30858	1651853161	1651853161	1	33	33	1.00000	110	1	1
183	21	30916	1651854083	1651854083	1	4	4	1.00000	48	1	1
184	1	30916	1651854252	1651854252	1	5	5	1.00000	28	1	1
185	2	30916	1651854310	1651854310	1	5	5	1.00000	31	1	1
186	3	30916	1651854353	1651854353	1	6	6	1.00000	32	1	1
188	50	30929	1651855099	1651855099	1	33	33	1.00000	608	1	1
189	50	30343	1651855220	1651855220	1	32	33	0.96970	258	1	0
190	2	30929	1651855291	1651855291	1	5	5	1.00000	55	1	1
191	50	30948	1651856158	1651856158	1	32	33	0.96970	682	1	0
192	1	30863	1651856591	1651856591	1	1	5	0.20000	63	1	0
193	1	30863	1651856613	1651856613	2	5	5	1.00000	85	1	1
194	2	30863	1651856700	1651856700	1	5	5	1.00000	38	1	1
195	50	30417	1651856926	1651856926	1	29	33	0.87879	480	1	0
197	50	29381	1651858693	1651858693	1	29	33	0.87879	449	1	0
198	50	31084	1651865421	1651865421	1	29	33	0.87879	310	1	0
199	50	31093	1651882341	1651882341	1	31	33	0.93939	791	1	0
200	50	31096	1651883694	1651883694	1	31	33	0.93939	400	1	0
201	50	31099	1651884495	1651884495	1	29	33	0.87879	344	1	0
202	50	29818	1651884578	1651884579	1	31	33	0.93939	344	1	0
203	53	31099	1651885053	1651885053	1	31	33	0.93939	222	1	0
204	50	30602	1651885741	1651885741	1	32	33	0.96970	141	1	0
205	50	31122	1651888372	1651888372	1	31	33	0.93939	328	1	0
206	50	31222	1651898402	1651898402	1	30	33	0.90909	1129	1	0
207	50	31303	1651899856	1651899856	1	15	33	0.45455	116	1	0
208	1	31303	1651900120	1651900120	1	5	5	1.00000	120	1	1
209	2	31303	1651900224	1651900224	1	5	5	1.00000	71	1	1
210	1	31307	1651900332	1651900333	1	5	5	1.00000	142	1	1
211	3	31303	1651900374	1651900374	1	6	6	1.00000	129	1	1
212	50	31302	1651900476	1651900477	1	31	33	0.93939	903	1	0
213	1	29605	1651900504	1651900504	1	5	5	1.00000	97	1	1
214	1	31308	1651900522	1651900522	1	5	5	1.00000	51	1	1
215	1	31307	1651900643	1651900643	2	5	5	1.00000	34	1	1
216	2	29605	1651900687	1651900687	1	5	5	1.00000	24	1	1
217	50	31313	1651900817	1651900817	1	20	33	0.60606	440	1	0
218	2	31307	1651900830	1651900830	1	5	5	1.00000	125	1	1
219	1	31314	1651900866	1651900866	1	5	5	1.00000	59	1	1
220	3	31307	1651900917	1651900917	1	6	6	1.00000	65	1	1
221	2	31314	1651901021	1651901021	1	5	5	1.00000	34	1	1
222	14	29596	1651901061	1651901061	2	5	5	1.00000	31	1	1
223	50	31320	1651901064	1651901065	1	21	33	0.63636	511	1	0
224	1	29579	1651901075	1651901075	2	5	5	1.00000	48	1	1
225	1	29600	1651901076	1651901076	1	5	5	1.00000	65	1	1
226	15	29596	1651901107	1651901107	2	5	5	1.00000	29	1	1
227	14	31307	1651901117	1651901117	1	5	5	1.00000	66	1	1
228	50	31316	1651901147	1651901147	1	14	33	0.42424	567	1	0
229	2	29579	1651901161	1651901161	1	5	5	1.00000	35	1	1
230	14	29605	1651901186	1651901186	1	3	5	0.60000	29	1	0
231	16	29596	1651901187	1651901188	1	6	6	1.00000	52	1	1
232	50	31306	1651901197	1651901198	1	30	33	0.90909	701	1	0
233	2	29600	1651901198	1651901198	1	5	5	1.00000	46	1	1
234	15	31307	1651901215	1651901215	1	5	5	1.00000	59	1	1
235	50	31317	1651901277	1651901277	1	31	33	0.93939	807	1	0
236	17	29596	1651901290	1651901290	1	4	4	1.00000	48	1	1
237	15	29605	1651901312	1651901312	1	5	5	1.00000	20	1	1
238	3	29600	1651901328	1651901328	1	6	6	1.00000	81	1	1
239	18	29596	1651901334	1651901334	1	4	4	1.00000	19	1	1
240	16	29605	1651901351	1651901351	1	6	6	1.00000	23	1	1
241	1	31318	1651901399	1651901399	1	5	5	1.00000	46	1	1
242	17	29605	1651901427	1651901427	1	4	4	1.00000	24	1	1
243	14	29600	1651901455	1651901455	1	2	5	0.40000	63	1	0
244	18	29605	1651901468	1651901468	1	4	4	1.00000	18	1	1
245	1	31318	1651901469	1651901469	2	5	5	1.00000	24	1	1
246	50	31329	1651901481	1651901481	1	29	33	0.87879	454	1	0
247	19	29596	1651901515	1651901515	1	9	9	1.00000	157	1	1
248	15	29579	1651901516	1651901516	2	5	5	1.00000	33	1	1
249	19	29605	1651901535	1651901535	1	9	9	1.00000	47	1	1
250	2	31318	1651901538	1651901538	1	5	5	1.00000	24	1	1
251	20	29596	1651901551	1651901551	1	4	4	1.00000	16	1	1
252	50	31325	1651901557	1651901557	1	26	33	0.78788	683	1	0
253	20	29605	1651901568	1651901568	1	4	4	1.00000	15	1	1
254	21	29596	1651901590	1651901590	1	4	4	1.00000	21	1	1
255	3	31318	1651901593	1651901593	1	6	6	1.00000	36	1	1
256	21	29605	1651901618	1651901618	1	4	4	1.00000	18	1	1
257	15	29600	1651901623	1651901623	1	5	5	1.00000	113	1	1
258	17	29579	1651901668	1651901668	1	4	4	1.00000	46	1	1
259	22	29596	1651901695	1651901695	1	6	6	1.00000	61	1	1
260	29	31318	1651901717	1651901717	1	9	9	1.00000	48	1	1
261	22	29605	1651901726	1651901726	1	6	6	1.00000	36	1	1
262	23	29596	1651901738	1651901738	1	4	4	1.00000	19	1	1
263	24	29596	1651901774	1651901774	1	5	5	1.00000	22	1	1
264	1	31313	1651901784	1651901785	1	5	5	1.00000	27	1	1
265	1	31313	1651901807	1651901807	2	5	5	1.00000	13	1	1
266	30	31318	1651901809	1651901809	1	8	8	1.00000	35	1	1
268	1	31325	1651903053	1651903053	1	5	5	1.00000	192	1	1
269	15	31303	1651903308	1651903308	1	5	5	1.00000	40	1	1
270	37	31321	1651903321	1651903321	1	8	8	1.00000	58	1	1
271	30	31325	1651903346	1651903346	1	8	8	1.00000	79	1	1
272	31	31318	1651903434	1651903434	1	6	6	1.00000	41	1	1
273	3	31303	1651903464	1651903464	2	6	6	1.00000	122	1	1
274	32	31318	1651903511	1651903511	1	7	7	1.00000	37	1	1
275	31	31325	1651903647	1651903647	1	4	6	0.66667	70	1	0
276	16	31307	1651903681	1651903681	1	6	6	1.00000	88	1	1
277	33	31318	1651903698	1651903698	1	8	8	1.00000	44	1	1
278	17	31307	1651903722	1651903722	1	4	4	1.00000	21	1	1
279	50	31368	1651903724	1651903724	1	13	33	0.39394	221	1	0
280	34	31318	1651903754	1651903754	1	7	7	1.00000	33	1	1
281	32	31325	1651903782	1651903782	1	7	7	1.00000	16	1	1
282	3	31307	1651903790	1651903790	2	6	6	1.00000	31	1	1
283	36	31318	1651903854	1651903854	1	8	8	1.00000	50	1	1
284	2	31307	1651903866	1651903866	2	5	5	1.00000	20	1	1
285	15	31314	1651903869	1651903869	1	5	5	1.00000	49	1	1
286	41	31321	1651903881	1651903881	1	10	10	1.00000	126	1	1
287	37	31318	1651903903	1651903903	1	8	8	1.00000	31	1	1
288	16	31314	1651903933	1651903933	1	6	6	1.00000	45	1	1
289	20	31307	1651903980	1651903980	1	4	4	1.00000	48	1	1
290	38	31318	1651903995	1651903995	1	8	10	0.80000	66	1	0
291	23	31321	1651904039	1651904039	1	4	4	1.00000	24	1	1
292	38	31318	1651904048	1651904048	2	10	10	1.00000	124	1	1
293	18	31307	1651904068	1651904069	1	4	4	1.00000	50	1	1
294	18	31314	1651904101	1651904101	1	4	4	1.00000	44	1	1
295	25	31321	1651904104	1651904104	1	9	9	1.00000	51	1	1
296	22	31318	1651904122	1651904122	1	6	6	1.00000	37	1	1
297	19	31314	1651904196	1651904196	1	9	9	1.00000	77	1	1
298	25	31318	1651904200	1651904200	1	9	9	1.00000	52	1	1
299	27	31318	1651904260	1651904260	1	8	8	1.00000	30	1	1
300	25	31324	1651904298	1651904298	1	9	9	1.00000	95	1	1
301	21	31307	1651904389	1651904389	1	4	4	1.00000	63	1	1
302	20	31314	1651904389	1651904389	1	4	4	1.00000	28	1	1
303	1	31368	1651904407	1651904407	1	5	5	1.00000	29	1	1
304	26	31324	1651904411	1651904411	1	9	9	1.00000	80	1	1
305	2	31368	1651904454	1651904454	1	5	5	1.00000	28	1	1
306	22	31314	1651904503	1651904503	1	6	6	1.00000	35	1	1
307	39	31318	1651904515	1651904515	1	8	8	1.00000	58	1	1
308	3	31368	1651904518	1651904518	1	6	6	1.00000	50	1	1
309	23	31314	1651904561	1651904561	1	4	4	1.00000	26	1	1
310	37	31325	1651904588	1651904588	1	8	8	1.00000	77	1	1
311	41	31318	1651904605	1651904605	1	10	10	1.00000	65	1	1
312	24	31314	1651904624	1651904624	1	5	5	1.00000	25	1	1
313	28	31324	1651904692	1651904692	1	8	8	1.00000	71	1	1
314	43	31318	1651904694	1651904694	1	8	8	1.00000	50	1	1
315	31	31324	1651904784	1651904784	1	6	6	1.00000	56	1	1
316	46	31318	1651904807	1651904807	1	10	10	1.00000	56	1	1
317	1	31385	1651904833	1651904833	1	5	5	1.00000	63	1	1
318	23	29605	1651904852	1651904852	1	4	4	1.00000	34	1	1
319	47	31325	1651904900	1651904900	1	8	8	1.00000	75	1	1
320	24	29605	1651904905	1651904905	1	5	5	1.00000	22	1	1
321	50	29762	1651904999	1651904999	1	28	33	0.84848	411	1	0
322	23	29605	1651905011	1651905011	2	4	4	1.00000	17	1	1
323	24	29605	1651905088	1651905088	2	5	5	1.00000	22	1	1
324	2	31385	1651905096	1651905096	1	5	5	1.00000	239	1	1
325	18	29598	1651905117	1651905117	2	4	4	1.00000	70	1	1
326	29	31385	1651905197	1651905197	1	9	9	1.00000	76	1	1
327	50	31307	1651905238	1651905238	1	25	33	0.75758	636	1	0
328	3	29598	1651905387	1651905387	2	6	6	1.00000	227	1	1
329	50	30449	1651905396	1651905397	1	29	33	0.87879	326	1	0
330	14	31318	1651905406	1651905406	1	5	5	1.00000	43	1	1
331	17	29598	1651905461	1651905461	1	4	4	1.00000	53	1	1
332	50	31375	1651905476	1651905476	1	31	33	0.93939	771	1	0
333	3	31318	1651905533	1651905533	2	6	6	1.00000	30	1	1
334	48	30449	1651905546	1651905546	1	3	7	0.42857	62	1	0
335	48	30449	1651905592	1651905593	2	5	7	0.71429	109	1	0
336	53	31325	1651905616	1651905617	1	28	33	0.84848	556	1	0
337	48	30449	1651905631	1651905631	3	6	7	0.85714	147	1	0
338	29	30449	1651905732	1651905732	1	7	9	0.77778	40	1	0
339	42	31324	1651905733	1651905733	1	10	10	1.00000	42	1	1
340	2	31325	1651905745	1651905745	1	5	5	1.00000	46	1	1
341	29	30449	1651905753	1651905753	2	9	9	1.00000	61	1	1
342	30	30449	1651905794	1651905794	1	8	8	1.00000	29	1	1
343	3	31325	1651905801	1651905801	1	6	6	1.00000	35	1	1
344	31	30449	1651905849	1651905849	1	6	6	1.00000	25	1	1
345	14	31325	1651905882	1651905882	1	5	5	1.00000	58	1	1
346	16	31325	1651905943	1651905943	1	6	6	1.00000	43	1	1
348	32	30449	1651906154	1651906154	1	7	7	1.00000	26	1	1
351	1	30449	1651906334	1651906334	1	5	5	1.00000	29	1	1
352	53	30449	1651906903	1651906903	1	29	33	0.87879	295	1	0
353	50	31085	1651907090	1651907090	1	29	33	0.87879	137	1	0
354	50	31435	1651908409	1651908409	1	33	33	1.00000	926	1	1
355	50	31376	1651909197	1651909197	1	25	33	0.75758	540	1	0
357	50	29630	1651909677	1651909678	2	32	33	0.96970	380	1	0
358	50	29630	1651909994	1651909994	3	32	33	0.96970	265	1	0
359	1	31059	1651910109	1651910109	1	5	5	1.00000	63	1	1
360	50	29630	1651910237	1651910237	4	32	33	0.96970	509	1	0
361	29	31565	1651910930	1651910930	1	3	9	0.33333	35	1	0
362	29	31565	1651910978	1651910978	2	9	9	1.00000	83	1	1
363	50	31582	1651912287	1651912287	1	29	33	0.87879	352	1	0
364	53	31578	1651912818	1651912818	1	32	33	0.96970	417	1	0
366	1	29970	1651913968	1651913968	1	3	5	0.60000	28	1	0
367	1	29970	1651913995	1651913995	2	3	5	0.60000	54	1	0
368	1	29970	1651914021	1651914021	3	5	5	1.00000	81	1	1
369	50	31713	1651915719	1651915719	1	32	33	0.96970	389	1	0
370	50	31716	1651915975	1651915975	1	28	33	0.84848	556	1	0
371	50	31730	1651916582	1651916582	1	29	33	0.87879	226	1	0
372	50	31742	1651917256	1651917257	1	30	33	0.90909	386	1	0
373	50	31763	1651918261	1651918261	1	31	33	0.93939	339	1	0
374	50	31769	1651919262	1651919262	1	32	33	0.96970	301	1	0
375	50	31769	1651919413	1651919414	2	33	33	1.00000	452	1	1
376	50	31884	1651919474	1651919474	1	12	33	0.36364	303	1	0
377	50	31892	1651919647	1651919648	1	32	33	0.96970	316	1	0
378	50	31946	1651919844	1651919844	1	29	33	0.87879	217	1	0
379	53	31946	1651920171	1651920172	1	25	33	0.75758	142	1	0
380	50	30085	1651920252	1651920252	1	29	33	0.87879	222	1	0
381	50	31957	1651920331	1651920331	1	15	33	0.45455	173	1	0
382	53	29839	1651920378	1651920379	2	26	33	0.78788	311	1	0
383	50	31957	1651920966	1651920967	2	25	33	0.75758	219	1	0
384	50	31967	1651921344	1651921345	1	9	33	0.27273	509	1	0
385	50	31969	1651922201	1651922201	1	29	33	0.87879	284	1	0
387	50	29818	1651922489	1651922490	2	33	33	1.00000	229	1	1
388	53	29818	1651922705	1651922705	1	33	33	1.00000	172	1	1
389	50	32001	1651923530	1651923531	1	33	33	1.00000	471	1	1
390	50	32012	1651923675	1651923675	1	29	33	0.87879	229	1	0
391	50	31451	1651923757	1651923757	1	24	33	0.72727	600	1	0
393	50	32001	1651924029	1651924029	2	32	33	0.96970	147	1	0
394	50	32018	1651924330	1651924330	1	27	33	0.81818	403	1	0
395	50	32018	1651924576	1651924576	2	33	33	1.00000	649	1	1
396	50	32011	1651924789	1651924789	1	32	33	0.96970	780	1	0
397	50	30986	1651924929	1651924929	1	8	33	0.24242	374	1	0
398	50	30981	1651925406	1651925406	1	13	33	0.39394	116	1	0
399	50	32003	1651925485	1651925486	1	32	33	0.96970	200	1	0
400	50	31556	1651926224	1651926224	1	33	33	1.00000	262	1	1
401	1	31556	1651926286	1651926286	1	5	5	1.00000	18	1	1
402	50	29324	1651926295	1651926295	2	29	33	0.87879	270	1	0
403	2	31556	1651926339	1651926339	1	5	5	1.00000	18	1	1
404	3	31556	1651926377	1651926377	1	6	6	1.00000	17	1	1
405	50	32060	1651927871	1651927871	1	32	33	0.96970	172	1	0
406	53	32075	1651928133	1651928133	1	31	33	0.93939	236	1	0
408	50	30636	1651928263	1651928263	1	30	33	0.90909	367	1	0
409	50	31690	1651928300	1651928300	1	32	33	0.96970	197	1	0
410	50	30257	1651928597	1651928597	2	21	33	0.63636	154	1	0
411	50	32068	1651928966	1651928966	1	29	33	0.87879	1156	1	0
412	50	32093	1651929510	1651929510	1	28	33	0.84848	313	1	0
413	50	32104	1651930024	1651930024	1	30	33	0.90909	272	1	0
414	50	32096	1651930093	1651930094	1	30	33	0.90909	281	1	0
415	50	32116	1651930760	1651930760	1	26	33	0.78788	451	1	0
416	50	32130	1651930802	1651930803	1	26	33	0.78788	402	1	0
417	50	32124	1651931126	1651931127	1	31	33	0.93939	610	1	0
420	50	32205	1651933241	1651933241	1	27	33	0.81818	290	1	0
421	50	32203	1651933437	1651933437	1	28	33	0.84848	392	1	0
422	50	32203	1651933720	1651933720	2	31	33	0.93939	675	1	0
423	50	32203	1651934115	1651934116	3	33	33	1.00000	197	1	1
424	50	32230	1651934126	1651934127	1	15	33	0.45455	315	1	0
425	50	32225	1651934221	1651934222	1	18	33	0.54545	636	1	0
426	50	32213	1651934320	1651934321	1	31	33	0.93939	370	1	0
427	50	32215	1651934630	1651934630	1	32	33	0.96970	1365	1	0
428	50	32213	1651934787	1651934787	2	31	33	0.93939	153	1	0
429	50	32263	1651934999	1651934999	1	29	33	0.87879	324	1	0
430	50	32274	1651935294	1651935294	1	33	33	1.00000	180	1	1
431	50	32013	1651935476	1651935476	1	25	33	0.75758	11968	1	0
432	50	32273	1651935536	1651935537	1	25	33	0.75758	439	1	0
433	50	31966	1651935589	1651935589	1	29	33	0.87879	302	1	0
434	50	32283	1651935731	1651935731	1	31	33	0.93939	417	1	0
435	50	32283	1651935967	1651935968	2	31	33	0.93939	653	1	0
436	50	32304	1651936728	1651936728	1	29	33	0.87879	299	1	0
437	50	32304	1651936957	1651936957	2	33	33	1.00000	529	1	1
438	50	32316	1651936965	1651936966	1	32	33	0.96970	343	1	0
439	2	32329	1651937515	1651937515	1	5	5	1.00000	103	1	1
441	50	32387	1651940266	1651940266	1	32	33	0.96970	269	1	0
442	50	30772	1651940925	1651940925	1	17	33	0.51515	230	1	0
443	50	32399	1651941138	1651941138	1	29	33	0.87879	225	1	0
444	50	32246	1651941553	1651941553	1	32	33	0.96970	601	1	0
445	50	32422	1651943301	1651943301	1	25	33	0.75758	269	1	0
446	53	32091	1651943354	1651943354	1	33	33	1.00000	282	1	1
447	50	32429	1651944041	1651944042	1	28	33	0.84848	441	1	0
448	50	32431	1651944087	1651944087	1	33	33	1.00000	207	1	1
449	1	30901	1651947032	1651947032	1	5	5	1.00000	31	1	1
450	50	32473	1651975653	1651975653	1	28	33	0.84848	169	1	0
451	50	32482	1651978499	1651978500	1	31	33	0.93939	295	1	0
452	1	32494	1651979524	1651979524	1	5	5	1.00000	23	1	1
453	50	31582	1651979526	1651979527	2	29	33	0.87879	220	1	0
454	50	30674	1651980035	1651980035	1	28	33	0.84848	445	1	0
455	50	32076	1651980465	1651980466	1	7	33	0.21212	156	1	0
456	2	32076	1651980594	1651980594	1	5	5	1.00000	24	1	1
457	29	32076	1651980658	1651980658	1	9	9	1.00000	21	1	1
458	53	32076	1651980901	1651980902	1	32	33	0.96970	198	1	0
459	50	32509	1651982262	1651982262	1	28	33	0.84848	556	1	0
460	53	32519	1651982631	1651982631	1	30	33	0.90909	318	1	0
461	50	32523	1651982878	1651982878	1	32	33	0.96970	180	1	0
462	50	32521	1651982894	1651982895	1	28	33	0.84848	363	1	0
463	50	32521	1651983066	1651983067	2	33	33	1.00000	535	1	1
464	50	32518	1651983290	1651983290	1	33	33	1.00000	910	1	1
465	1	30863	1651983980	1651983980	3	5	5	1.00000	46	1	1
466	2	30863	1651984072	1651984072	2	5	5	1.00000	52	1	1
467	1	32458	1651987244	1651987244	1	5	5	1.00000	102	1	1
468	2	32458	1651987325	1651987325	1	5	5	1.00000	55	1	1
469	3	32458	1651987410	1651987410	1	6	6	1.00000	66	1	1
470	14	32458	1651987539	1651987539	1	5	5	1.00000	61	1	1
471	15	32458	1651987616	1651987616	1	5	5	1.00000	49	1	1
472	29	32458	1651987784	1651987784	1	9	9	1.00000	153	1	1
473	53	32578	1651989767	1651989768	1	30	33	0.90909	491	1	0
474	50	32605	1651991968	1651991968	1	18	33	0.54545	372	1	0
475	50	32485	1651992485	1651992486	1	29	33	0.87879	337	1	0
476	50	32171	1651995343	1651995343	1	32	33	0.96970	310	1	0
477	50	31687	1651995373	1651995373	1	23	33	0.69697	268	1	0
478	18	32655	1651995795	1651995795	1	0	4	0.00000	6	1	0
479	50	32649	1651995906	1651995906	1	28	33	0.84848	153	1	0
480	50	32649	1651996257	1651996257	2	32	33	0.96970	248	1	0
481	50	32649	1651996445	1651996445	3	32	33	0.96970	437	1	0
482	50	32130	1651996824	1651996824	2	33	33	1.00000	202	1	1
483	50	32550	1651997110	1651997110	1	27	33	0.81818	324	1	0
484	50	32196	1651997418	1651997418	1	33	33	1.00000	1729	1	1
485	50	32673	1651998253	1651998254	1	31	33	0.93939	384	1	0
486	50	32422	1651998340	1651998340	2	29	33	0.87879	746	1	0
487	50	32681	1651998450	1651998450	1	31	33	0.93939	257	1	0
488	50	32681	1651998566	1651998566	2	32	33	0.96970	98	1	0
489	53	32681	1651998704	1651998704	1	32	33	0.96970	81	1	0
490	50	32473	1651999751	1651999751	2	29	33	0.87879	240	1	0
491	50	32368	1651999844	1651999844	1	20	33	0.60606	717	1	0
492	50	29869	1652000535	1652000535	1	33	33	1.00000	299	1	1
493	50	32704	1652000548	1652000548	1	31	33	0.93939	727	1	0
495	50	32727	1652002638	1652002639	1	30	33	0.90909	930	1	0
496	50	32736	1652003192	1652003192	1	32	33	0.96970	495	1	0
497	53	32091	1652005466	1652005466	2	29	33	0.87879	194	1	0
498	50	32774	1652006638	1652006638	1	32	33	0.96970	761	1	0
499	50	32799	1652008551	1652008552	1	30	33	0.90909	492	1	0
500	50	32799	1652008831	1652008832	2	33	33	1.00000	177	1	1
501	50	32808	1652009015	1652009016	1	26	33	0.78788	277	1	0
502	50	32808	1652009255	1652009255	2	27	33	0.81818	159	1	0
503	50	32772	1652009348	1652009349	1	33	33	1.00000	1116	1	1
504	1	32225	1652009541	1652009541	1	5	5	1.00000	44	1	1
505	2	32225	1652009591	1652009591	1	5	5	1.00000	35	1	1
506	3	32225	1652009666	1652009666	1	6	6	1.00000	25	1	1
507	14	32225	1652010265	1652010265	1	5	5	1.00000	29	1	1
508	15	32225	1652010304	1652010304	1	5	5	1.00000	22	1	1
509	16	32225	1652010504	1652010504	1	6	6	1.00000	28	1	1
510	50	32847	1652012673	1652012673	1	31	33	0.93939	408	1	0
511	1	32857	1652012710	1652012710	1	5	5	1.00000	29	1	1
512	50	32863	1652013443	1652013443	1	28	33	0.84848	430	1	0
513	1	32871	1652013618	1652013618	1	5	5	1.00000	34	1	1
514	50	32867	1652013630	1652013631	1	29	33	0.87879	288	1	0
515	50	32862	1652013673	1652013673	1	28	33	0.84848	642	1	0
516	50	32863	1652013994	1652013994	2	30	33	0.90909	203	1	0
517	50	32853	1652014183	1652014183	1	31	33	0.93939	1815	1	0
518	50	32862	1652014442	1652014442	2	27	33	0.81818	673	1	0
519	50	32853	1652014533	1652014534	2	32	33	0.96970	91	1	0
520	50	32897	1652015616	1652015616	1	22	33	0.66667	370	1	0
521	50	32898	1652016453	1652016453	1	11	33	0.33333	1020	1	0
522	50	30157	1652017204	1652017205	1	28	33	0.84848	279	1	0
523	50	32920	1652017418	1652017418	1	29	33	0.87879	439	1	0
524	50	32940	1652017791	1652017791	1	16	33	0.48485	339	1	0
525	50	32937	1652017990	1652017991	1	32	33	0.96970	568	1	0
526	53	32937	1652018314	1652018314	1	33	33	1.00000	218	1	1
527	50	32930	1652018975	1652018975	1	33	33	1.00000	140	1	1
528	1	32981	1652018995	1652018995	1	5	5	1.00000	37	1	1
529	14	32940	1652019003	1652019003	1	3	5	0.60000	29	1	0
530	1	32930	1652019027	1652019027	1	5	5	1.00000	25	1	1
531	14	32940	1652019031	1652019031	2	5	5	1.00000	57	1	1
532	50	32236	1652019068	1652019068	1	31	33	0.93939	1284	1	0
534	50	32974	1652019480	1652019480	1	31	33	0.93939	226	1	0
535	50	32236	1652019609	1652019610	2	32	33	0.96970	1826	1	0
536	50	32512	1652020038	1652020038	1	14	33	0.42424	375	1	0
537	50	32236	1652020179	1652020179	3	32	33	0.96970	266	1	0
538	50	32512	1652020565	1652020566	2	26	33	0.78788	413	1	0
539	50	33017	1652021114	1652021114	1	12	33	0.36364	203	1	0
540	50	32989	1652021473	1652021473	1	30	33	0.90909	365	1	0
541	50	33023	1652021761	1652021762	1	29	33	0.87879	589	1	0
542	50	32069	1652022185	1652022186	1	30	33	0.90909	184	1	0
543	50	32730	1652022654	1652022654	1	32	33	0.96970	627	1	0
544	50	33048	1652022951	1652022951	1	25	33	0.75758	350	1	0
545	1	33048	1652023592	1652023592	1	5	5	1.00000	24	1	1
546	50	33088	1652024844	1652024844	1	33	33	1.00000	330	1	1
547	50	30209	1652025530	1652025531	1	28	33	0.84848	582	1	0
548	50	33107	1652025581	1652025581	1	32	33	0.96970	196	1	0
549	1	33109	1652026666	1652026666	1	5	5	1.00000	59	1	1
550	53	32937	1652026992	1652026992	2	33	33	1.00000	144	1	1
551	1	33166	1652027561	1652027561	1	5	5	1.00000	52	1	1
555	50	33213	1652031534	1652031534	1	29	33	0.87879	306	1	0
556	50	33229	1652032882	1652032882	1	27	33	0.81818	295	1	0
557	50	33253	1652058734	1652058734	1	30	33	0.90909	354	1	0
558	50	33254	1652059511	1652059511	1	26	33	0.78788	243	1	0
559	50	33292	1652063820	1652063820	1	29	33	0.87879	571	1	0
560	50	33312	1652065542	1652065542	1	33	33	1.00000	492	1	1
561	50	33093	1652067921	1652067921	1	25	33	0.75758	541	1	0
562	1	33354	1652068167	1652068167	1	0	5	0.00000	19	1	0
563	1	33354	1652068231	1652068231	2	5	5	1.00000	25	1	1
564	2	33366	1652068236	1652068236	1	5	5	1.00000	54	1	1
565	2	33354	1652068295	1652068295	1	5	5	1.00000	40	1	1
566	2	29584	1652068395	1652068395	1	5	5	1.00000	36	1	1
567	2	29584	1652068485	1652068485	2	5	5	1.00000	28	1	1
568	50	33357	1652068528	1652068528	1	28	33	0.84848	857	1	0
569	3	29584	1652068578	1652068578	1	6	6	1.00000	76	1	1
570	50	33361	1652068598	1652068598	1	28	33	0.84848	824	1	0
571	50	33372	1652068626	1652068626	1	16	33	0.48485	431	1	0
572	50	33021	1652068674	1652068674	1	24	33	0.72727	253	1	0
573	50	33370	1652068726	1652068726	1	28	33	0.84848	567	1	0
574	1	33349	1652068758	1652068758	1	5	5	1.00000	45	1	1
575	50	33376	1652068782	1652068782	1	27	33	0.81818	948	1	0
576	50	33395	1652068807	1652068807	1	21	33	0.63636	374	1	0
577	50	33367	1652068924	1652068925	1	31	33	0.93939	973	1	0
578	50	33396	1652069023	1652069023	1	27	33	0.81818	386	1	0
579	50	33372	1652069079	1652069080	2	21	33	0.63636	346	1	0
580	50	33398	1652069328	1652069329	1	32	33	0.96970	692	1	0
581	31	33358	1652069526	1652069526	1	6	6	1.00000	28	1	1
582	1	33359	1652069587	1652069587	1	5	5	1.00000	88	1	1
583	3	33360	1652069595	1652069595	1	6	6	1.00000	107	1	1
584	3	33369	1652069598	1652069598	1	6	6	1.00000	134	1	1
585	1	33349	1652069615	1652069615	2	5	5	1.00000	34	1	1
586	1	33367	1652069625	1652069625	1	5	5	1.00000	100	1	1
587	25	31368	1652069658	1652069658	1	9	9	1.00000	228	1	1
588	2	29584	1652069663	1652069663	3	5	5	1.00000	34	1	1
589	15	29598	1652070052	1652070052	1	5	5	1.00000	67	1	1
590	1	33358	1652070064	1652070064	1	5	5	1.00000	36	1	1
591	2	33359	1652070088	1652070088	1	5	5	1.00000	64	1	1
592	2	33358	1652070132	1652070132	1	5	5	1.00000	47	1	1
593	1	33391	1652070141	1652070141	1	5	5	1.00000	55	1	1
594	17	29598	1652070148	1652070148	2	4	4	1.00000	25	1	1
595	1	33369	1652070153	1652070153	1	3	5	0.60000	72	1	0
596	1	33360	1652070164	1652070164	1	5	5	1.00000	83	1	1
597	15	33358	1652070198	1652070198	1	5	5	1.00000	32	1	1
598	15	33397	1652070212	1652070212	1	5	5	1.00000	44	1	1
599	28	29596	1652070224	1652070224	1	8	8	1.00000	142	1	1
600	1	33369	1652070263	1652070263	2	5	5	1.00000	54	1	1
601	15	33391	1652070265	1652070265	1	5	5	1.00000	51	1	1
602	3	29584	1652070296	1652070296	2	6	6	1.00000	62	1	1
603	50	33372	1652070309	1652070309	3	21	33	0.63636	350	1	0
604	18	31303	1652070325	1652070325	1	4	4	1.00000	49	1	1
605	16	33397	1652070388	1652070388	1	6	6	1.00000	64	1	1
606	19	31303	1652070491	1652070491	1	9	9	1.00000	122	1	1
607	19	33391	1652070509	1652070509	1	9	9	1.00000	109	1	1
608	2	29598	1652070536	1652070536	1	5	5	1.00000	119	1	1
609	17	33397	1652070552	1652070552	1	4	4	1.00000	42	1	1
610	50	33370	1652070566	1652070567	2	24	33	0.72727	461	1	0
611	18	33397	1652070604	1652070604	1	4	4	1.00000	33	1	1
612	15	33391	1652070619	1652070619	2	5	5	1.00000	30	1	1
613	2	33369	1652070678	1652070678	1	5	5	1.00000	104	1	1
614	19	33397	1652070774	1652070774	1	9	9	1.00000	154	1	1
615	3	33369	1652070828	1652070828	2	6	6	1.00000	61	1	1
616	1	33360	1652070878	1652070878	2	5	5	1.00000	62	1	1
617	50	33372	1652070917	1652070917	4	22	33	0.66667	417	1	0
618	29	33379	1652070941	1652070941	1	6	9	0.66667	260	1	0
619	29	33379	1652070946	1652070946	2	0	9	0.00000	266	1	0
620	29	33379	1652070948	1652070948	3	0	9	0.00000	268	1	0
621	2	33369	1652070970	1652070970	2	5	5	1.00000	65	1	1
622	2	33360	1652071002	1652071002	1	5	5	1.00000	86	1	1
623	50	33361	1652071045	1652071045	2	33	33	1.00000	377	1	1
624	50	33417	1652071157	1652071157	1	23	33	0.69697	409	1	0
625	50	32607	1652071205	1652071206	1	24	33	0.72727	321	1	0
626	50	33350	1652071630	1652071631	1	26	33	0.78788	260	1	0
627	50	32076	1652072050	1652072051	2	31	33	0.93939	302	1	0
628	50	33419	1652072356	1652072356	1	27	33	0.81818	387	1	0
629	1	32084	1652072972	1652072972	1	5	5	1.00000	25	1	1
630	1	33448	1652074367	1652074367	1	5	5	1.00000	76	1	1
631	50	33440	1652074535	1652074535	1	30	33	0.90909	921	1	0
632	50	33440	1652074679	1652074679	2	33	33	1.00000	1064	1	1
633	50	33449	1652074899	1652074900	1	25	33	0.75758	312	1	0
634	50	32620	1652075150	1652075151	1	25	33	0.75758	336	1	0
636	50	33430	1652076301	1652076302	1	12	33	0.36364	401	1	0
637	50	33462	1652076996	1652076996	1	29	33	0.87879	362	1	0
638	50	33466	1652077678	1652077678	1	30	33	0.90909	340	1	0
639	53	31968	1652078192	1652078193	1	28	33	0.84848	696	1	0
640	1	32605	1652078379	1652078379	1	5	5	1.00000	44	1	1
641	2	32605	1652078590	1652078590	1	5	5	1.00000	42	1	1
642	50	33480	1652079256	1652079256	1	29	33	0.87879	368	1	0
644	50	33483	1652080035	1652080035	1	18	33	0.54545	651	1	0
645	50	33491	1652081274	1652081274	1	32	33	0.96970	775	1	0
646	1	33491	1652081376	1652081376	1	5	5	1.00000	69	1	1
647	2	33491	1652081434	1652081434	1	5	5	1.00000	20	1	1
648	3	33491	1652081606	1652081606	1	6	6	1.00000	37	1	1
649	1	33504	1652081934	1652081934	1	5	5	1.00000	28	1	1
650	50	33505	1652082320	1652082320	1	30	33	0.90909	400	1	0
651	50	32547	1652082497	1652082497	1	32	33	0.96970	273	1	0
652	1	32547	1652082582	1652082582	1	5	5	1.00000	35	1	1
653	2	32547	1652082615	1652082615	1	5	5	1.00000	16	1	1
654	3	32547	1652082649	1652082649	1	6	6	1.00000	15	1	1
655	50	33510	1652083151	1652083151	1	24	33	0.72727	389	1	0
656	50	33513	1652083501	1652083501	1	10	33	0.30303	491	1	0
657	1	33505	1652083540	1652083540	1	5	5	1.00000	32	1	1
658	50	33447	1652084860	1652084860	1	22	33	0.66667	616	1	0
659	1	33526	1652085411	1652085411	1	5	5	1.00000	26	1	1
660	50	33527	1652085478	1652085478	1	15	33	0.45455	545	1	0
661	2	32213	1652085510	1652085510	1	5	5	1.00000	84	1	1
662	14	32213	1652085650	1652085650	1	5	5	1.00000	49	1	1
663	50	33526	1652085709	1652085709	1	28	33	0.84848	285	1	0
664	15	32213	1652085774	1652085774	1	5	5	1.00000	59	1	1
665	16	32213	1652085858	1652085858	1	6	6	1.00000	68	1	1
666	17	32213	1652085953	1652085953	1	2	4	0.50000	49	1	0
667	17	32213	1652086021	1652086021	2	4	4	1.00000	127	1	1
668	50	33115	1652086810	1652086810	1	24	33	0.72727	933	1	0
669	50	33541	1652086923	1652086923	1	17	33	0.51515	403	1	0
670	50	33538	1652087113	1652087114	1	27	33	0.81818	637	1	0
671	1	33115	1652087598	1652087598	1	3	5	0.60000	66	1	0
672	1	33115	1652087782	1652087782	2	5	5	1.00000	46	1	1
673	3	33115	1652088128	1652088128	1	5	6	0.83333	189	1	0
674	3	33115	1652088156	1652088156	2	5	6	0.83333	217	1	0
675	50	33552	1652089071	1652089072	1	33	33	1.00000	344	1	1
676	50	33544	1652089319	1652089319	1	19	33	0.57576	207	1	0
677	50	33558	1652090149	1652090149	1	30	33	0.90909	405	1	0
678	50	30107	1652090609	1652090609	1	30	33	0.90909	352	1	0
679	50	33558	1652090656	1652090656	2	32	33	0.96970	243	1	0
680	1	30107	1652090733	1652090733	1	5	5	1.00000	28	1	1
681	50	29839	1652090769	1652090769	1	27	33	0.81818	307	1	0
682	50	29641	1652090881	1652090881	1	28	33	0.84848	418	1	0
683	1	29641	1652091115	1652091115	1	5	5	1.00000	30	1	1
684	50	33572	1652093295	1652093295	1	30	33	0.90909	479	1	0
685	50	32507	1652093554	1652093554	1	28	33	0.84848	405	1	0
686	50	33574	1652094050	1652094050	1	33	33	1.00000	106	1	1
687	53	33574	1652094572	1652094573	1	33	33	1.00000	111	1	1
688	50	32202	1652094674	1652094674	1	25	33	0.75758	538	1	0
689	50	29643	1652094845	1652094846	1	20	33	0.60606	290	1	0
690	53	33607	1652096883	1652096883	1	30	33	0.90909	301	1	0
691	50	33615	1652097883	1652097883	1	32	33	0.96970	483	1	0
692	50	33615	1652098171	1652098171	2	33	33	1.00000	770	1	1
693	1	30313	1652099361	1652099361	1	5	5	1.00000	38	1	1
695	1	29641	1652099948	1652099948	2	5	5	1.00000	24	1	1
696	50	30285	1652100597	1652100597	1	22	33	0.66667	797	1	0
697	50	30289	1652101175	1652101175	1	29	33	0.87879	386	1	0
698	50	33606	1652102282	1652102282	1	25	33	0.75758	412	1	0
699	50	33642	1652102928	1652102929	1	32	33	0.96970	458	1	0
700	53	33638	1652102990	1652102990	1	6	33	0.18182	336	1	0
701	50	33651	1652103953	1652103954	1	30	33	0.90909	415	1	0
702	50	33652	1652104142	1652104142	1	18	33	0.54545	209	1	0
703	50	33651	1652104208	1652104208	2	31	33	0.93939	184	1	0
704	2	30916	1652106043	1652106043	2	5	5	1.00000	27	1	1
705	30	30916	1652106132	1652106132	1	8	8	1.00000	46	1	1
706	50	33662	1652106279	1652106279	1	33	33	1.00000	390	1	1
707	50	32889	1652106824	1652106824	1	28	33	0.84848	999	1	0
708	1	31384	1652106878	1652106878	1	0	5	0.00000	51	1	0
709	1	31384	1652106881	1652106881	2	0	5	0.00000	54	1	0
710	1	31384	1652106908	1652106908	3	0	5	0.00000	81	1	0
711	50	33667	1652107840	1652107840	1	31	33	0.93939	643	1	0
712	50	32890	1652107993	1652107993	1	20	33	0.60606	802	1	0
713	50	33667	1652108090	1652108091	2	31	33	0.93939	200	1	0
714	50	29978	1652108446	1652108447	1	33	33	1.00000	189	1	1
715	53	32889	1652108482	1652108482	1	33	33	1.00000	379	1	1
716	53	33510	1652108873	1652108873	1	28	33	0.84848	182	1	0
717	50	33690	1652109242	1652109242	1	20	33	0.60606	473	1	0
718	50	30929	1652109722	1652109722	2	33	33	1.00000	184	1	1
719	50	33706	1652111245	1652111245	1	28	33	0.84848	144	1	0
720	50	33718	1652114439	1652114439	1	33	33	1.00000	774	1	1
721	50	33729	1652117329	1652117330	1	23	33	0.69697	583	1	0
722	50	33729	1652117730	1652117730	2	30	33	0.90909	984	1	0
723	50	33725	1652118181	1652118181	1	20	33	0.60606	463	1	0
724	50	33725	1652118329	1652118330	2	32	33	0.96970	613	1	0
725	50	33459	1652144907	1652144907	1	25	33	0.75758	480	1	0
726	1	32840	1652145559	1652145559	1	1	5	0.20000	39	1	0
727	1	32840	1652145610	1652145610	2	0	5	0.00000	88	1	0
728	1	32840	1652145621	1652145621	3	0	5	0.00000	102	1	0
729	1	32840	1652145636	1652145636	4	1	5	0.20000	117	1	0
730	1	32840	1652145658	1652145658	5	1	5	0.20000	138	1	0
731	1	32840	1652145667	1652145667	6	0	5	0.00000	148	1	0
732	1	32840	1652145672	1652145672	7	1	5	0.20000	153	1	0
733	1	32840	1652145693	1652145693	8	0	5	0.00000	170	1	0
734	1	32840	1652145744	1652145744	9	0	5	0.00000	223	1	0
735	1	32840	1652145751	1652145751	10	0	5	0.00000	231	1	0
736	1	32840	1652145756	1652145756	11	0	5	0.00000	236	1	0
737	1	32840	1652145760	1652145760	12	1	5	0.20000	241	1	0
738	1	32840	1652145775	1652145775	13	0	5	0.00000	247	1	0
739	1	32840	1652145805	1652145805	14	5	5	1.00000	285	1	1
740	14	33514	1652149947	1652149947	1	5	5	1.00000	43	1	1
741	50	33497	1652151605	1652151605	1	32	33	0.96970	353	1	0
742	50	33750	1652155852	1652155853	1	21	33	0.63636	365	1	0
743	50	33628	1652157889	1652157889	1	30	33	0.90909	260	1	0
744	50	33763	1652158286	1652158286	1	31	33	0.93939	505	1	0
745	1	33771	1652158286	1652158286	1	5	5	1.00000	39	1	1
746	2	33771	1652158385	1652158385	1	5	5	1.00000	29	1	1
747	1	33773	1652158420	1652158420	1	5	5	1.00000	85	1	1
748	3	33771	1652158467	1652158467	1	6	6	1.00000	61	1	1
749	3	33773	1652158484	1652158484	1	6	6	1.00000	50	1	1
750	1	33777	1652158500	1652158500	1	5	5	1.00000	56	1	1
751	14	33771	1652158523	1652158523	1	5	5	1.00000	35	1	1
752	15	33771	1652158570	1652158571	1	5	5	1.00000	32	1	1
753	2	33777	1652158572	1652158572	1	5	5	1.00000	33	1	1
754	2	33773	1652158579	1652158579	1	5	5	1.00000	69	1	1
755	3	33777	1652158643	1652158643	1	6	6	1.00000	57	1	1
756	14	33773	1652158650	1652158650	1	5	5	1.00000	58	1	1
757	16	33771	1652158652	1652158652	1	6	6	1.00000	68	1	1
758	14	31314	1652158707	1652158707	1	5	5	1.00000	41	1	1
759	17	33771	1652158728	1652158728	1	4	4	1.00000	62	1	1
760	15	33773	1652158733	1652158733	1	5	5	1.00000	63	1	1
761	14	33777	1652158756	1652158756	1	5	5	1.00000	34	1	1
762	18	33771	1652158802	1652158802	1	4	4	1.00000	57	1	1
763	29	33773	1652158890	1652158890	1	9	9	1.00000	99	1	1
764	50	33772	1652158893	1652158894	1	33	33	1.00000	523	1	1
765	19	33771	1652158952	1652158952	1	9	9	1.00000	137	1	1
766	1	33772	1652158979	1652158979	1	5	5	1.00000	63	1	1
767	30	33773	1652158980	1652158980	1	8	8	1.00000	64	1	1
768	21	33771	1652159028	1652159028	1	4	4	1.00000	54	1	1
769	2	33772	1652159077	1652159077	1	5	5	1.00000	31	1	1
770	32	33773	1652159128	1652159128	1	7	7	1.00000	48	1	1
771	22	33771	1652159131	1652159131	1	6	6	1.00000	82	1	1
772	3	33772	1652159173	1652159173	1	6	6	1.00000	41	1	1
773	50	33776	1652159193	1652159193	1	16	33	0.48485	771	1	0
774	2	33768	1652159205	1652159205	1	3	5	0.60000	41	1	0
775	50	33635	1652161254	1652161254	1	28	33	0.84848	1050	1	0
776	50	32264	1652164177	1652164177	1	18	33	0.54545	292	1	0
777	50	32264	1652164454	1652164454	2	31	33	0.93939	569	1	0
778	17	33805	1652165651	1652165651	1	4	4	1.00000	80	1	1
779	50	33805	1652166948	1652166948	1	21	33	0.63636	423	1	0
780	50	33805	1652167292	1652167292	2	31	33	0.93939	767	1	0
781	29	33759	1652167793	1652167793	1	9	9	1.00000	73	1	1
782	30	33759	1652167916	1652167916	1	8	8	1.00000	61	1	1
783	31	33759	1652168174	1652168174	1	6	6	1.00000	34	1	1
784	32	33759	1652168252	1652168252	1	7	7	1.00000	55	1	1
785	1	33759	1652168323	1652168323	1	5	5	1.00000	24	1	1
786	2	33759	1652168384	1652168384	1	5	5	1.00000	38	1	1
787	50	33812	1652168563	1652168563	1	32	33	0.96970	340	1	0
788	50	33812	1652168733	1652168733	2	27	33	0.81818	510	1	0
789	50	33812	1652168914	1652168914	3	28	33	0.84848	153	1	0
790	50	33260	1652169574	1652169574	1	25	33	0.75758	202	1	0
791	50	33814	1652169935	1652169935	1	32	33	0.96970	788	1	0
792	50	31377	1652175820	1652175820	1	24	33	0.72727	345	1	0
793	50	32637	1652176059	1652176059	1	29	33	0.87879	888	1	0
794	29	33832	1652176780	1652176780	1	9	9	1.00000	58	1	1
795	50	33850	1652182436	1652182436	1	24	33	0.72727	222	1	0
796	1	33619	1652182525	1652182525	1	2	5	0.40000	80	1	0
797	1	33619	1652182720	1652182720	2	5	5	1.00000	64	1	1
798	50	33924	1652185489	1652185489	1	28	33	0.84848	234	1	0
799	50	32740	1652185860	1652185860	1	32	33	0.96970	440	1	0
800	1	34363	1652186958	1652186958	1	5	5	1.00000	65	1	1
801	50	33148	1652187262	1652187262	1	24	33	0.72727	393	1	0
802	50	34363	1652187359	1652187359	1	30	33	0.90909	349	1	0
803	50	34364	1652187397	1652187397	1	18	33	0.54545	627	1	0
804	29	33148	1652188093	1652188093	1	9	9	1.00000	74	1	1
805	1	34364	1652188244	1652188244	1	5	5	1.00000	752	1	1
806	2	34364	1652188531	1652188531	1	4	5	0.80000	239	1	0
807	50	34451	1652189866	1652189866	1	29	33	0.87879	217	1	0
808	50	32890	1652190511	1652190511	2	33	33	1.00000	540	1	1
809	1	32890	1652190738	1652190738	1	5	5	1.00000	53	1	1
810	2	32890	1652190849	1652190849	1	5	5	1.00000	48	1	1
811	3	32890	1652190907	1652190907	1	6	6	1.00000	46	1	1
812	50	34366	1652192439	1652192439	1	32	33	0.96970	323	1	0
813	50	29688	1652193427	1652193428	3	33	33	1.00000	139	1	1
814	29	29688	1652193744	1652193744	1	9	9	1.00000	52	1	1
815	30	29688	1652193871	1652193871	1	8	8	1.00000	27	1	1
816	15	33514	1652195055	1652195055	1	4	5	0.80000	24	1	0
817	15	33514	1652195115	1652195115	2	5	5	1.00000	18	1	1
818	30	33148	1652198127	1652198127	1	8	8	1.00000	28	1	1
819	31	33148	1652198182	1652198182	1	6	6	1.00000	16	1	1
820	32	33148	1652198223	1652198223	1	5	7	0.71429	26	1	0
821	50	33733	1652199303	1652199303	1	19	33	0.57576	1079	1	0
822	50	30406	1652232032	1652232033	1	28	33	0.84848	181	1	0
823	33	33148	1652235820	1652235820	1	8	8	1.00000	34	1	1
824	50	34493	1652238041	1652238041	1	27	33	0.81818	317	1	0
825	1	34493	1652238319	1652238319	1	5	5	1.00000	55	1	1
826	2	34493	1652238391	1652238391	1	5	5	1.00000	21	1	1
827	3	34493	1652238437	1652238437	1	6	6	1.00000	26	1	1
828	50	34495	1652239679	1652239679	1	19	33	0.57576	373	1	0
829	50	31945	1652243016	1652243017	1	30	33	0.90909	432	1	0
830	53	31945	1652243397	1652243397	1	30	33	0.90909	348	1	0
831	16	29598	1652245703	1652245703	3	6	6	1.00000	81	1	1
832	18	29598	1652245759	1652245759	3	4	4	1.00000	40	1	1
833	29	31314	1652245775	1652245775	1	9	9	1.00000	79	1	1
834	2	31314	1652245857	1652245857	2	5	5	1.00000	64	1	1
835	3	31314	1652245895	1652245895	1	6	6	1.00000	25	1	1
836	27	29598	1652245902	1652245902	1	8	8	1.00000	68	1	1
837	29	34514	1652245916	1652245916	1	0	9	0.00000	105	1	0
838	14	31314	1652245943	1652245943	2	5	5	1.00000	35	1	1
839	15	31314	1652245992	1652245992	2	5	5	1.00000	30	1	1
840	1	34521	1652246000	1652246000	1	5	5	1.00000	93	1	1
841	16	31314	1652246031	1652246031	2	6	6	1.00000	27	1	1
842	3	34504	1652246031	1652246031	1	6	6	1.00000	59	1	1
843	37	34512	1652246032	1652246032	1	8	8	1.00000	41	1	1
844	28	29598	1652246043	1652246043	1	6	8	0.75000	34	1	0
845	1	34517	1652246057	1652246057	1	5	5	1.00000	58	1	1
846	28	29598	1652246057	1652246057	2	0	8	0.00000	48	1	0
847	17	31314	1652246074	1652246074	1	4	4	1.00000	29	1	1
848	1	34507	1652246077	1652246077	1	5	5	1.00000	30	1	1
849	2	34517	1652246097	1652246097	1	5	5	1.00000	26	1	1
850	2	34521	1652246099	1652246099	1	5	5	1.00000	27	1	1
851	18	31314	1652246117	1652246117	2	4	4	1.00000	29	1	1
852	28	29598	1652246129	1652246129	3	5	8	0.62500	120	1	0
853	2	34513	1652246133	1652246133	1	5	5	1.00000	47	1	1
854	3	34521	1652246141	1652246141	1	6	6	1.00000	25	1	1
855	3	34517	1652246156	1652246156	1	6	6	1.00000	37	1	1
856	1	34518	1652246169	1652246169	1	5	5	1.00000	72	1	1
857	14	34521	1652246189	1652246189	1	5	5	1.00000	22	1	1
858	19	31314	1652246196	1652246196	2	9	9	1.00000	66	1	1
859	26	29598	1652246204	1652246204	1	9	9	1.00000	50	1	1
860	14	34517	1652246214	1652246214	1	5	5	1.00000	38	1	1
861	38	34512	1652246229	1652246229	1	10	10	1.00000	46	1	1
862	15	34521	1652246237	1652246237	1	5	5	1.00000	39	1	1
863	14	34503	1652246246	1652246246	1	5	5	1.00000	25	1	1
864	25	29598	1652246269	1652246269	1	9	9	1.00000	51	1	1
865	50	33785	1652246271	1652246271	1	29	33	0.87879	297	1	0
866	2	34518	1652246279	1652246279	1	5	5	1.00000	79	1	1
867	16	34521	1652246291	1652246291	1	6	6	1.00000	36	1	1
868	17	34503	1652246292	1652246292	1	4	4	1.00000	32	1	1
869	29	34522	1652246293	1652246293	1	7	9	0.77778	98	1	0
870	21	31314	1652246300	1652246300	1	1	4	0.25000	41	1	0
871	20	34503	1652246327	1652246327	1	4	4	1.00000	19	1	1
872	17	34504	1652246335	1652246335	1	4	4	1.00000	202	1	1
873	22	31314	1652246346	1652246346	2	6	6	1.00000	29	1	1
874	3	31375	1652246361	1652246361	1	6	6	1.00000	15	1	1
875	29	34522	1652246384	1652246384	2	7	9	0.77778	189	1	0
876	23	31314	1652246407	1652246407	2	4	4	1.00000	48	1	1
877	14	31375	1652246414	1652246414	1	5	5	1.00000	30	1	1
878	15	31375	1652246453	1652246453	1	5	5	1.00000	25	1	1
879	15	34503	1652246479	1652246479	1	5	5	1.00000	25	1	1
880	24	31314	1652246480	1652246480	2	5	5	1.00000	54	1	1
881	17	31375	1652246497	1652246497	1	4	4	1.00000	29	1	1
882	18	34504	1652246512	1652246512	1	4	4	1.00000	120	1	1
883	2	34523	1652246518	1652246518	1	5	5	1.00000	52	1	1
884	29	34522	1652246520	1652246520	3	9	9	1.00000	325	1	1
885	50	34516	1652246536	1652246536	1	32	33	0.96970	655	1	0
886	3	34539	1652246547	1652246547	1	6	6	1.00000	93	1	1
887	2	33785	1652246557	1652246557	1	3	5	0.60000	57	1	0
888	20	31375	1652246584	1652246584	1	4	4	1.00000	22	1	1
889	40	34512	1652246593	1652246593	1	8	8	1.00000	52	1	1
890	23	31375	1652246625	1652246625	1	4	4	1.00000	22	1	1
891	25	31314	1652246626	1652246626	1	9	9	1.00000	68	1	1
892	3	33785	1652246641	1652246641	1	6	6	1.00000	55	1	1
893	31	34522	1652246655	1652246655	1	6	6	1.00000	51	1	1
894	21	31375	1652246675	1652246675	1	4	4	1.00000	27	1	1
895	50	29598	1652246685	1652246686	3	29	33	0.87879	403	1	0
896	50	33357	1652246703	1652246703	2	27	33	0.81818	467	1	0
897	26	31314	1652246704	1652246704	1	9	9	1.00000	54	1	1
898	1	34517	1652246705	1652246705	2	5	5	1.00000	132	1	1
899	23	31375	1652246716	1652246716	2	4	4	1.00000	21	1	1
900	41	34512	1652246716	1652246716	1	10	10	1.00000	89	1	1
901	14	34518	1652246718	1652246718	1	5	5	1.00000	80	1	1
902	1	34532	1652246722	1652246722	1	3	5	0.60000	90	1	0
903	1	34516	1652246738	1652246738	1	5	5	1.00000	16	1	1
904	1	34532	1652246740	1652246740	2	5	5	1.00000	124	1	1
905	17	34521	1652246742	1652246742	1	4	4	1.00000	46	1	1
906	50	34510	1652246763	1652246763	1	25	33	0.75758	625	1	0
907	15	34521	1652246775	1652246775	2	5	5	1.00000	21	1	1
908	41	34508	1652246777	1652246777	1	10	10	1.00000	77	1	1
909	17	31375	1652246811	1652246811	2	4	4	1.00000	30	1	1
910	2	34532	1652246829	1652246829	1	2	5	0.40000	76	1	0
911	2	34542	1652246830	1652246830	1	5	5	1.00000	25	1	1
912	27	31314	1652246839	1652246839	1	8	8	1.00000	53	1	1
913	15	34518	1652246844	1652246844	1	5	5	1.00000	70	1	1
914	18	34521	1652246863	1652246863	1	4	4	1.00000	39	1	1
915	21	31375	1652246869	1652246869	2	4	4	1.00000	38	1	1
916	2	34517	1652246871	1652246871	2	5	5	1.00000	142	1	1
917	43	34512	1652246889	1652246889	1	8	8	1.00000	60	1	1
918	49	34508	1652246892	1652246892	1	8	8	1.00000	101	1	1
919	28	31314	1652246914	1652246914	1	8	8	1.00000	59	1	1
920	18	29598	1652246926	1652246926	4	4	4	1.00000	33	1	1
921	32	34522	1652246930	1652246930	1	7	7	1.00000	45	1	1
922	20	31375	1652246936	1652246936	2	4	4	1.00000	34	1	1
923	16	33785	1652246948	1652246948	1	6	6	1.00000	72	1	1
924	19	34521	1652246951	1652246951	1	9	9	1.00000	50	1	1
925	17	34518	1652246972	1652246972	1	4	4	1.00000	103	1	1
926	23	31375	1652246984	1652246984	3	4	4	1.00000	29	1	1
927	14	34542	1652246991	1652246991	1	5	5	1.00000	34	1	1
928	32	34522	1652247003	1652247003	2	7	7	1.00000	25	1	1
929	16	34517	1652247049	1652247049	1	6	6	1.00000	70	1	1
930	44	34512	1652247051	1652247051	1	8	8	1.00000	52	1	1
931	15	34542	1652247060	1652247060	1	5	5	1.00000	48	1	1
932	30	31314	1652247075	1652247075	1	6	8	0.75000	46	1	0
933	45	34512	1652247125	1652247125	1	4	4	1.00000	52	1	1
934	16	34542	1652247135	1652247135	1	6	6	1.00000	51	1	1
935	1	31329	1652249795	1652249795	1	5	5	1.00000	59	1	1
936	53	31329	1652250348	1652250348	1	32	33	0.96970	496	1	0
937	50	34534	1652252413	1652252413	1	26	33	0.78788	718	1	0
938	1	29691	1652259257	1652259257	1	5	5	1.00000	63	1	1
939	2	29691	1652259400	1652259400	1	1	5	0.20000	69	1	0
940	2	29691	1652259447	1652259447	2	5	5	1.00000	116	1	1
941	50	32888	1652268655	1652268655	1	29	33	0.87879	522	1	0
942	50	34583	1652272256	1652272257	1	31	33	0.93939	922	1	0
943	50	33077	1652275276	1652275276	1	26	33	0.78788	541	1	0
944	50	33077	1652275682	1652275682	2	33	33	1.00000	224	1	1
945	53	33077	1652275949	1652275949	1	33	33	1.00000	167	1	1
946	50	34599	1652278825	1652278825	1	31	33	0.93939	466	1	0
947	50	34599	1652279011	1652279011	2	31	33	0.93939	155	1	0
948	50	34599	1652279415	1652279415	3	33	33	1.00000	146	1	1
949	1	34599	1652279587	1652279587	1	5	5	1.00000	29	1	1
950	50	30872	1652280922	1652280922	1	28	33	0.84848	538	1	0
951	50	32679	1652281241	1652281241	1	31	33	0.93939	834	1	0
952	50	34612	1652282825	1652282825	1	18	33	0.54545	450	1	0
953	50	34618	1652287258	1652287258	1	33	33	1.00000	486	1	1
954	50	30722	1652290488	1652290488	1	27	33	0.81818	272	1	0
955	50	30722	1652290627	1652290627	2	33	33	1.00000	411	1	1
956	1	34599	1652321962	1652321962	2	5	5	1.00000	25	1	1
957	50	34493	1652322597	1652322597	2	30	33	0.90909	214	1	0
958	53	30263	1652323961	1652323961	1	26	33	0.78788	352	1	0
959	50	29326	1652326596	1652326596	1	30	33	0.90909	234	1	0
960	1	30922	1652326773	1652326773	1	5	5	1.00000	25	1	1
961	53	30772	1652328351	1652328351	1	15	33	0.45455	126	1	0
962	22	31375	1652332228	1652332228	1	6	6	1.00000	70	1	1
963	23	33382	1652332256	1652332256	1	4	4	1.00000	78	1	1
964	17	31375	1652332297	1652332297	3	2	4	0.50000	33	1	0
965	1	34655	1652332299	1652332299	1	5	5	1.00000	77	1	1
966	1	34656	1652332319	1652332319	1	5	5	1.00000	42	1	1
967	17	31375	1652332320	1652332320	4	4	4	1.00000	55	1	1
968	2	34655	1652332347	1652332347	1	5	5	1.00000	33	1	1
969	1	29421	1652332368	1652332368	1	5	5	1.00000	19	1	1
970	2	34656	1652332374	1652332374	1	5	5	1.00000	34	1	1
971	24	33382	1652332380	1652332380	1	5	5	1.00000	55	1	1
972	42	34658	1652332382	1652332382	1	10	10	1.00000	67	1	1
973	18	31375	1652332392	1652332392	1	4	4	1.00000	17	1	1
974	30	34653	1652332413	1652332413	1	8	8	1.00000	69	1	1
975	50	34650	1652332418	1652332419	1	31	33	0.93939	168	1	0
976	3	34656	1652332424	1652332424	1	6	6	1.00000	36	1	1
977	1	34661	1652332430	1652332430	1	5	5	1.00000	26	1	1
978	21	31375	1652332436	1652332436	3	4	4	1.00000	25	1	1
979	29	34655	1652332442	1652332442	1	9	9	1.00000	49	1	1
980	1	34650	1652332471	1652332471	1	5	5	1.00000	23	1	1
981	31	34653	1652332473	1652332473	1	6	6	1.00000	46	1	1
982	20	33382	1652332495	1652332495	1	4	4	1.00000	69	1	1
983	20	31375	1652332518	1652332518	3	4	4	1.00000	61	1	1
984	2	34650	1652332522	1652332522	1	5	5	1.00000	32	1	1
985	3	34655	1652332526	1652332526	1	6	6	1.00000	62	1	1
986	34	34653	1652332539	1652332539	1	7	7	1.00000	39	1	1
987	14	34655	1652332606	1652332606	1	5	5	1.00000	68	1	1
988	44	34658	1652332606	1652332606	1	6	8	0.75000	74	1	0
989	29	34656	1652332623	1652332623	1	9	9	1.00000	87	1	1
990	29	33406	1652332626	1652332626	1	5	9	0.55556	63	1	0
991	29	33406	1652332632	1652332632	2	0	9	0.00000	69	1	0
992	35	34653	1652332651	1652332651	1	10	10	1.00000	44	1	1
993	15	34655	1652332654	1652332654	1	5	5	1.00000	31	1	1
994	19	31375	1652332669	1652332669	1	9	9	1.00000	80	1	1
995	45	34658	1652332672	1652332672	1	4	4	1.00000	33	1	1
996	15	29600	1652332717	1652332717	2	3	5	0.60000	70	1	0
997	2	31375	1652332727	1652332727	1	5	5	1.00000	34	1	1
998	15	34661	1652332730	1652332730	1	5	5	1.00000	78	1	1
999	30	34655	1652332732	1652332732	1	8	8	1.00000	62	1	1
1000	31	34656	1652332733	1652332733	1	6	6	1.00000	27	1	1
1001	1	34659	1652332738	1652332738	1	5	5	1.00000	58	1	1
1002	23	31375	1652332768	1652332768	4	4	4	1.00000	23	1	1
1003	15	34650	1652332783	1652332783	1	5	5	1.00000	30	1	1
1004	42	34653	1652332803	1652332803	1	10	10	1.00000	104	1	1
1005	31	34655	1652332812	1652332812	1	6	6	1.00000	65	1	1
1006	2	34659	1652332816	1652332816	1	5	5	1.00000	48	1	1
1007	21	31375	1652332827	1652332827	4	4	4	1.00000	23	1	1
1008	16	29600	1652332829	1652332829	1	2	6	0.33333	75	1	0
1009	32	34656	1652332832	1652332832	1	7	7	1.00000	70	1	1
1010	16	34650	1652332834	1652332834	1	6	6	1.00000	30	1	1
1011	14	34647	1652332856	1652332856	1	5	5	1.00000	20	1	1
1012	50	34648	1652332857	1652332857	1	6	33	0.18182	295	1	0
1013	17	34655	1652332860	1652332860	1	4	4	1.00000	25	1	1
1014	38	34653	1652332882	1652332883	1	8	10	0.80000	65	1	0
1015	22	31375	1652332918	1652332918	2	6	6	1.00000	36	1	1
1016	3	34659	1652332928	1652332928	1	6	6	1.00000	98	1	1
1017	36	34656	1652332942	1652332942	1	8	8	1.00000	80	1	1
1018	19	29600	1652332969	1652332969	1	4	9	0.44444	100	1	0
1019	50	33406	1652332998	1652332998	1	23	33	0.69697	350	1	0
1020	2	31375	1652333006	1652333006	2	5	5	1.00000	41	1	1
1021	38	34656	1652333011	1652333011	1	8	10	0.80000	56	1	0
1022	14	34659	1652333017	1652333017	1	5	5	1.00000	61	1	1
1023	45	34653	1652333025	1652333025	1	4	4	1.00000	44	1	1
1024	38	34656	1652333064	1652333064	2	8	10	0.80000	108	1	0
1025	50	34662	1652333081	1652333081	1	27	33	0.81818	640	1	0
1026	50	34510	1652333087	1652333087	2	31	33	0.93939	637	1	0
